<?xml version="1.0" encoding="utf-8"?>
<COLLADA xmlns="http://www.collada.org/2005/11/COLLADASchema" version="1.4.1">
  <asset><contributor><author>Mixamo</author><authoring_tool>COLLADA Mixamo exporter</authoring_tool><comments></comments></contributor><created>2020-05-23T15:45:17Z</created><modified>2020-05-23T15:45:17Z</modified><revision></revision><title></title><unit meter="0.010000"/><up_axis>Y_UP</up_axis></asset>
  <library_animations>
    <animation id="Hips-anim" name="Hips"><source id="Hips-Matrix-animation-input"><float_array id="Hips-Matrix-animation-input-array" count="60">

0.000000 0.033333 0.066667 0.100000 0.133333 0.166667 0.200000 0.233333 0.266667 0.300000 0.333333 0.366667 0.400000 0.433333 0.466667 0.500000
0.533333 0.566667 0.600000 0.633333 0.666667 0.700000 0.733333 0.766667 0.800000 0.833333 0.866667 0.900000 0.933333 0.966667 1.000000 1.033333
1.066667 1.100000 1.133333 1.166667 1.200000 1.233333 1.266667 1.300000 1.333333 1.366667 1.400000 1.433333 1.466667 1.500000 1.533333 1.566667
1.600000 1.633333 1.666667 1.700000 1.733333 1.766667 1.800000 1.833333 1.866667 1.900000 1.933333 1.966667</float_array><technique_common><accessor source="#Hips-Matrix-animation-input-array" count="60"><param name="TIME" type="float"/></accessor></technique_common></source><source id="Hips-Matrix-animation-output-transform"><float_array id="Hips-Matrix-animation-output-transform-array" count="960">

0.729041 0.051577 -0.682524 1.572284 0.002081 0.996985 0.077563 103.755829 0.684467 -0.057967 0.726736 -2.368248 0.000000 0.000000 0.000000 1.000000
0.728741 0.051817 -0.682826 1.586326 0.002091 0.996960 0.077886 103.766533 0.684786 -0.058186 0.726417 -2.379711 0.000000 0.000000 0.000000 1.000000
0.728528 0.052025 -0.683037 1.601489 0.002097 0.996938 0.078170 103.777893 0.685012 -0.058381 0.726188 -2.386585 0.000000 0.000000 0.000000 1.000000
0.728529 0.052373 -0.683010 1.616149 0.001937 0.996912 0.078508 103.790710 0.685012 -0.058518 0.726178 -2.385565 0.000000 0.000000 0.000000 1.000000
0.728811 0.052756 -0.682679 1.627279 0.001716 0.996884 0.078869 103.805367 0.684713 -0.058652 0.726449 -2.374014 0.000000 0.000000 0.000000 1.000000
0.729313 0.053165 -0.682112 1.633274 0.001535 0.996847 0.079338 103.821136 0.684179 -0.058910 0.726931 -2.351572 0.000000 0.000000 0.000000 1.000000
0.729881 0.053592 -0.681470 1.634803 0.001466 0.996797 0.079961 103.838417 0.683573 -0.059361 0.727464 -2.319736 0.000000 0.000000 0.000000 1.000000
0.730353 0.054034 -0.680930 1.633903 0.001466 0.996740 0.080667 103.860222 0.683069 -0.059913 0.727893 -2.280084 0.000000 0.000000 0.000000 1.000000
0.730632 0.054372 -0.680603 1.632171 0.001500 0.996694 0.081234 103.889526 0.682770 -0.060373 0.728135 -2.233149 0.000000 0.000000 0.000000 1.000000
0.730700 0.054589 -0.680513 1.631847 0.001513 0.996666 0.081574 103.925056 0.682697 -0.060636 0.728181 -2.179273 0.000000 0.000000 0.000000 1.000000
0.730583 0.054759 -0.680625 1.636235 0.001504 0.996648 0.081799 103.960350 0.682823 -0.060785 0.728051 -2.120632 0.000000 0.000000 0.000000 1.000000
0.730366 0.055012 -0.680837 1.648073 0.001499 0.996620 0.082136 103.987724 0.683054 -0.061010 0.727815 -2.061327 0.000000 0.000000 0.000000 1.000000
0.730240 0.055379 -0.680943 1.665671 0.001545 0.996573 0.082705 104.004028 0.683189 -0.061447 0.727652 -2.005062 0.000000 0.000000 0.000000 1.000000
0.730425 0.055805 -0.680710 1.682424 0.001642 0.996510 0.083457 104.014145 0.682991 -0.062077 0.727784 -1.952778 0.000000 0.000000 0.000000 1.000000
0.730959 0.056297 -0.680095 1.691899 0.001672 0.996441 0.084280 104.028244 0.682419 -0.062743 0.728263 -1.903047 0.000000 0.000000 0.000000 1.000000
0.731561 0.056776 -0.679408 1.693392 0.001580 0.996383 0.084966 104.054367 0.681775 -0.063231 0.728825 -1.854792 0.000000 0.000000 0.000000 1.000000
0.731833 0.057183 -0.679080 1.691948 0.001360 0.996349 0.085364 104.092789 0.681482 -0.063396 0.729084 -1.808527 0.000000 0.000000 0.000000 1.000000
0.731616 0.057469 -0.679290 1.692696 0.001089 0.996341 0.085465 104.136368 0.681716 -0.063268 0.728876 -1.765155 0.000000 0.000000 0.000000 1.000000
0.731119 0.057676 -0.679808 1.696549 0.000839 0.996343 0.085434 104.176117 0.682250 -0.063033 0.728397 -1.724201 0.000000 0.000000 0.000000 1.000000
0.730706 0.057873 -0.680235 1.701001 0.000650 0.996341 0.085464 104.206444 0.682692 -0.062891 0.727995 -1.683408 0.000000 0.000000 0.000000 1.000000
0.730595 0.058011 -0.680343 1.702980 0.000568 0.996332 0.085564 104.227539 0.682811 -0.062900 0.727882 -1.639950 0.000000 0.000000 0.000000 1.000000
0.730754 0.058145 -0.680160 1.701546 0.000540 0.996316 0.085752 104.243805 0.682641 -0.063031 0.728031 -1.592106 0.000000 0.000000 0.000000 1.000000
0.731035 0.058257 -0.679849 1.697307 0.000542 0.996299 0.085957 104.259720 0.682340 -0.063206 0.728297 -1.540622 0.000000 0.000000 0.000000 1.000000
0.731293 0.058282 -0.679569 1.691459 0.000603 0.996287 0.086093 104.276955 0.682063 -0.063369 0.728542 -1.488670 0.000000 0.000000 0.000000 1.000000
0.731421 0.058249 -0.679434 1.685607 0.000682 0.996282 0.086147 104.293495 0.681926 -0.063473 0.728662 -1.440727 0.000000 0.000000 0.000000 1.000000
0.731374 0.058155 -0.679492 1.680769 0.000760 0.996287 0.086086 104.306732 0.681976 -0.063477 0.728615 -1.401620 0.000000 0.000000 0.000000 1.000000
0.731163 0.058057 -0.679728 1.676864 0.000777 0.996301 0.085932 104.316055 0.682203 -0.063358 0.728413 -1.374591 0.000000 0.000000 0.000000 1.000000
0.730903 0.057917 -0.680019 1.672437 0.000753 0.996324 0.085666 104.323029 0.682481 -0.063125 0.728172 -1.360026 0.000000 0.000000 0.000000 1.000000
0.730701 0.057770 -0.680249 1.666791 0.000681 0.996351 0.085346 104.327942 0.682697 -0.062826 0.727995 -1.356138 0.000000 0.000000 0.000000 1.000000
0.730569 0.057677 -0.680398 1.660954 0.000561 0.996375 0.085065 104.327148 0.682838 -0.062528 0.727889 -1.361423 0.000000 0.000000 0.000000 1.000000
0.730486 0.057576 -0.680496 1.656503 0.000494 0.996395 0.084833 104.314919 0.682927 -0.062306 0.727825 -1.375944 0.000000 0.000000 0.000000 1.000000
0.730484 0.057508 -0.680504 1.654169 0.000484 0.996404 0.084723 104.289047 0.682929 -0.062218 0.727830 -1.399725 0.000000 0.000000 0.000000 1.000000
0.730642 0.057511 -0.680335 1.652512 0.000487 0.996402 0.084752 104.254753 0.682761 -0.062254 0.727985 -1.431506 0.000000 0.000000 0.000000 1.000000
0.730945 0.057559 -0.680005 1.648982 0.000459 0.996395 0.084833 104.223213 0.682437 -0.062320 0.728283 -1.468439 0.000000 0.000000 0.000000 1.000000
0.731245 0.057623 -0.679677 1.642243 0.000373 0.996392 0.084875 104.204399 0.682115 -0.062317 0.728585 -1.507461 0.000000 0.000000 0.000000 1.000000
0.731335 0.057461 -0.679593 1.633361 0.000349 0.996413 0.084623 104.199974 0.682018 -0.062125 0.728692 -1.547100 0.000000 0.000000 0.000000 1.000000
0.731119 0.057128 -0.679854 1.626166 0.000382 0.996454 0.084143 104.200630 0.682250 -0.061778 0.728504 -1.588291 0.000000 0.000000 0.000000 1.000000
0.730725 0.056783 -0.680307 1.623335 0.000445 0.996495 0.083652 104.192062 0.682672 -0.061429 0.728138 -1.632687 0.000000 0.000000 0.000000 1.000000
0.730437 0.056529 -0.680637 1.623209 0.000529 0.996522 0.083332 104.165802 0.682980 -0.061229 0.727866 -1.679580 0.000000 0.000000 0.000000 1.000000
0.730450 0.056363 -0.680636 1.621471 0.000628 0.996533 0.083195 104.125259 0.682966 -0.061198 0.727882 -1.725324 0.000000 0.000000 0.000000 1.000000
0.730695 0.056219 -0.680386 1.615474 0.000733 0.996538 0.083130 104.082619 0.682704 -0.061241 0.728124 -1.766347 0.000000 0.000000 0.000000 1.000000
0.730897 0.056028 -0.680184 1.605703 0.000864 0.996548 0.083017 104.049507 0.682487 -0.061265 0.728326 -1.802152 0.000000 0.000000 0.000000 1.000000
0.730826 0.055734 -0.680285 1.594424 0.001025 0.996570 0.082747 104.029449 0.682563 -0.061171 0.728262 -1.835712 0.000000 0.000000 0.000000 1.000000
0.730457 0.055392 -0.680709 1.583848 0.001192 0.996601 0.082376 104.016800 0.682958 -0.060983 0.727908 -1.871806 0.000000 0.000000 0.000000 1.000000
0.729953 0.055058 -0.681276 1.575345 0.001352 0.996632 0.081992 104.002472 0.683496 -0.060771 0.727420 -1.914416 0.000000 0.000000 0.000000 1.000000
0.729530 0.054787 -0.681751 1.569353 0.001461 0.996659 0.081657 103.980797 0.683947 -0.060568 0.727013 -1.964748 0.000000 0.000000 0.000000 1.000000
0.729313 0.054551 -0.682002 1.564919 0.001523 0.996684 0.081350 103.952133 0.684179 -0.060368 0.726812 -2.020863 0.000000 0.000000 0.000000 1.000000
0.729312 0.054299 -0.682023 1.560482 0.001565 0.996711 0.081027 103.921524 0.684179 -0.060161 0.726829 -2.078831 0.000000 0.000000 0.000000 1.000000
0.729464 0.054022 -0.681883 1.555353 0.001609 0.996738 0.080687 103.894760 0.684018 -0.059955 0.726997 -2.134686 0.000000 0.000000 0.000000 1.000000
0.729669 0.053721 -0.681687 1.550883 0.001673 0.996766 0.080341 103.874023 0.683798 -0.059763 0.727220 -2.185296 0.000000 0.000000 0.000000 1.000000
0.729808 0.053360 -0.681566 1.549443 0.001799 0.996796 0.079967 103.857346 0.683650 -0.059587 0.727374 -2.228019 0.000000 0.000000 0.000000 1.000000
0.729779 0.052974 -0.681628 1.552329 0.001966 0.996827 0.079576 103.840744 0.683680 -0.059413 0.727359 -2.260998 0.000000 0.000000 0.000000 1.000000
0.729566 0.052731 -0.681874 1.558804 0.002044 0.996851 0.079276 103.822258 0.683907 -0.059231 0.727161 -2.283986 0.000000 0.000000 0.000000 1.000000
0.729248 0.052594 -0.682225 1.565938 0.002059 0.996868 0.079051 103.803429 0.684246 -0.059052 0.726856 -2.299484 0.000000 0.000000 0.000000 1.000000
0.728956 0.052474 -0.682546 1.571104 0.002070 0.996884 0.078851 103.786964 0.684557 -0.058892 0.726577 -2.311340 0.000000 0.000000 0.000000 1.000000
0.728796 0.052343 -0.682727 1.573164 0.002080 0.996900 0.078651 103.774429 0.684728 -0.058740 0.726428 -2.322727 0.000000 0.000000 0.000000 1.000000
0.728807 0.052161 -0.682730 1.572619 0.002092 0.996920 0.078400 103.766068 0.684716 -0.058567 0.726453 -2.335110 0.000000 0.000000 0.000000 1.000000
0.728929 0.051917 -0.682618 1.571202 0.002106 0.996946 0.078071 103.760994 0.684586 -0.058346 0.726593 -2.348438 0.000000 0.000000 0.000000 1.000000
0.729022 0.051649 -0.682539 1.571416 0.002119 0.996974 0.077706 103.757462 0.684487 -0.058096 0.726706 -2.361841 0.000000 0.000000 0.000000 1.000000
0.729021 0.051520 -0.682550 1.572221 0.002125 0.996988 0.077525 103.755829 0.684488 -0.057968 0.726716 -2.368271 0.000000 0.000000 0.000000 1.000000</float_array><technique_common><accessor source="#Hips-Matrix-animation-output-transform-array" count="60" stride="16"><param type="float4x4"/></accessor></technique_common></source><source id="Hips-Interpolations"><Name_array id="Hips-Interpolations-array" count="60">
 LINEAR LINEAR LINEAR LINEAR LINEAR LINEAR LINEAR LINEAR LINEAR LINEAR LINEAR
LINEAR LINEAR LINEAR LINEAR LINEAR LINEAR LINEAR LINEAR LINEAR LINEAR LINEAR LINEAR
LINEAR LINEAR LINEAR LINEAR LINEAR LINEAR LINEAR LINEAR LINEAR LINEAR LINEAR LINEAR
LINEAR LINEAR LINEAR LINEAR LINEAR LINEAR LINEAR LINEAR LINEAR LINEAR LINEAR LINEAR
LINEAR LINEAR LINEAR LINEAR LINEAR LINEAR LINEAR LINEAR LINEAR LINEAR LINEAR LINEAR
LINEAR</Name_array><technique_common><accessor source="#Hips-Interpolations-array" count="60"><param type="name"/></accessor></technique_common></source><sampler id="Hips-Matrix-animation-transform"><input semantic="INPUT" source="#Hips-Matrix-animation-input"/><input semantic="OUTPUT" source="#Hips-Matrix-animation-output-transform"/><input semantic="INTERPOLATION" source="#Hips-Interpolations"/></sampler><channel source="#Hips-Matrix-animation-transform" target="Hips/matrix"/></animation>
    <animation id="Spine-anim" name="Spine"><source id="Spine-Matrix-animation-input"><float_array id="Spine-Matrix-animation-input-array" count="60">

0.000000 0.033333 0.066667 0.100000 0.133333 0.166667 0.200000 0.233333 0.266667 0.300000 0.333333 0.366667 0.400000 0.433333 0.466667 0.500000
0.533333 0.566667 0.600000 0.633333 0.666667 0.700000 0.733333 0.766667 0.800000 0.833333 0.866667 0.900000 0.933333 0.966667 1.000000 1.033333
1.066667 1.100000 1.133333 1.166667 1.200000 1.233333 1.266667 1.300000 1.333333 1.366667 1.400000 1.433333 1.466667 1.500000 1.533333 1.566667
1.600000 1.633333 1.666667 1.700000 1.733333 1.766667 1.800000 1.833333 1.866667 1.900000 1.933333 1.966667</float_array><technique_common><accessor source="#Spine-Matrix-animation-input-array" count="60"><param name="TIME" type="float"/></accessor></technique_common></source><source id="Spine-Matrix-animation-output-transform"><float_array id="Spine-Matrix-animation-output-transform-array" count="960">

0.996483 0.021232 0.081057 0.030900 -0.012958 0.994775 -0.101268 11.006600 -0.082783 0.099861 0.991552 0.107900 0.000000 0.000000 0.000000 1.000000
0.996483 0.021230 0.081058 0.030900 -0.012960 0.994780 -0.101217 11.006600 -0.082784 0.099811 0.991557 0.107900 0.000000 0.000000 0.000000 1.000000
0.996483 0.021206 0.081063 0.030900 -0.012945 0.994791 -0.101109 11.006600 -0.082785 0.099705 0.991567 0.107900 0.000000 0.000000 0.000000 1.000000
0.996488 0.021136 0.081020 0.030900 -0.012893 0.994809 -0.100942 11.006600 -0.082732 0.099543 0.991588 0.107900 0.000000 0.000000 0.000000 1.000000
0.996500 0.021015 0.080908 0.030900 -0.012803 0.994833 -0.100711 11.006600 -0.082607 0.099323 0.991620 0.107900 0.000000 0.000000 0.000000 1.000000
0.996524 0.020810 0.080662 0.030900 -0.012647 0.994864 -0.100426 11.006600 -0.082337 0.099057 0.991669 0.107900 0.000000 0.000000 0.000000 1.000000
0.996549 0.020600 0.080408 0.030900 -0.012489 0.994899 -0.100103 11.006600 -0.082060 0.098754 0.991723 0.107900 0.000000 0.000000 0.000000 1.000000
0.996564 0.020416 0.080265 0.030900 -0.012350 0.994938 -0.099732 11.006600 -0.081895 0.098398 0.991772 0.107900 0.000000 0.000000 0.000000 1.000000
0.996570 0.020255 0.080241 0.030900 -0.012227 0.994982 -0.099304 11.006600 -0.081850 0.097982 0.991817 0.107900 0.000000 0.000000 0.000000 1.000000
0.996567 0.020111 0.080305 0.030900 -0.012118 0.995033 -0.098807 11.006600 -0.081894 0.097495 0.991861 0.107900 0.000000 0.000000 0.000000 1.000000
0.996562 0.019971 0.080413 0.030900 -0.012011 0.995086 -0.098286 11.006600 -0.081981 0.096982 0.991904 0.107900 0.000000 0.000000 0.000000 1.000000
0.996555 0.019824 0.080533 0.030900 -0.011893 0.995135 -0.097796 11.006600 -0.082080 0.096501 0.991943 0.107900 0.000000 0.000000 0.000000 1.000000
0.996552 0.019656 0.080610 0.030900 -0.011754 0.995180 -0.097357 11.006600 -0.082135 0.096074 0.991980 0.107900 0.000000 0.000000 0.000000 1.000000
0.996558 0.019455 0.080578 0.030900 -0.011591 0.995222 -0.096948 11.006600 -0.082079 0.095681 0.992022 0.107900 0.000000 0.000000 0.000000 1.000000
0.996575 0.019218 0.080426 0.030900 -0.011403 0.995265 -0.096529 11.006600 -0.081901 0.095281 0.992075 0.107900 0.000000 0.000000 0.000000 1.000000
0.996592 0.018976 0.080276 0.030900 -0.011213 0.995311 -0.096070 11.006600 -0.081723 0.094842 0.992132 0.107900 0.000000 0.000000 0.000000 1.000000
0.996599 0.018755 0.080238 0.030900 -0.011036 0.995361 -0.095580 11.006600 -0.081658 0.094370 0.992183 0.107900 0.000000 0.000000 0.000000 1.000000
0.996596 0.018583 0.080319 0.030900 -0.010898 0.995409 -0.095092 11.006600 -0.081717 0.093893 0.992223 0.107900 0.000000 0.000000 0.000000 1.000000
0.996589 0.018447 0.080438 0.030900 -0.010788 0.995454 -0.094636 11.006600 -0.081818 0.093445 0.992257 0.107900 0.000000 0.000000 0.000000 1.000000
0.996585 0.018315 0.080513 0.030900 -0.010681 0.995492 -0.094241 11.006600 -0.081876 0.093059 0.992288 0.107900 0.000000 0.000000 0.000000 1.000000
0.996588 0.018176 0.080507 0.030900 -0.010572 0.995527 -0.093884 11.006600 -0.081854 0.092712 0.992323 0.107900 0.000000 0.000000 0.000000 1.000000
0.996595 0.018042 0.080452 0.030900 -0.010471 0.995560 -0.093546 11.006600 -0.081782 0.092385 0.992359 0.107900 0.000000 0.000000 0.000000 1.000000
0.996602 0.017921 0.080400 0.030900 -0.010383 0.995592 -0.093214 11.006600 -0.081716 0.092063 0.992395 0.107900 0.000000 0.000000 0.000000 1.000000
0.996605 0.017821 0.080386 0.030900 -0.010309 0.995621 -0.092907 11.006600 -0.081689 0.091763 0.992424 0.107900 0.000000 0.000000 0.000000 1.000000
0.996605 0.017743 0.080399 0.030900 -0.010251 0.995646 -0.092654 11.006600 -0.081693 0.091515 0.992447 0.107900 0.000000 0.000000 0.000000 1.000000
0.996603 0.017700 0.080436 0.030900 -0.010219 0.995662 -0.092483 11.006600 -0.081724 0.091347 0.992460 0.107900 0.000000 0.000000 0.000000 1.000000
0.996599 0.017704 0.080477 0.030900 -0.010223 0.995667 -0.092431 11.006600 -0.081765 0.091294 0.992462 0.107900 0.000000 0.000000 0.000000 1.000000
0.996595 0.017759 0.080514 0.030900 -0.010268 0.995658 -0.092519 11.006600 -0.081807 0.091377 0.992450 0.107900 0.000000 0.000000 0.000000 1.000000
0.996591 0.017846 0.080545 0.030900 -0.010335 0.995638 -0.092723 11.006600 -0.081849 0.091574 0.992429 0.107900 0.000000 0.000000 0.000000 1.000000
0.996587 0.017950 0.080578 0.030900 -0.010415 0.995614 -0.092979 11.006600 -0.081894 0.091822 0.992402 0.107900 0.000000 0.000000 0.000000 1.000000
0.996582 0.018058 0.080610 0.030900 -0.010497 0.995586 -0.093260 11.006600 -0.081938 0.092095 0.992373 0.107900 0.000000 0.000000 0.000000 1.000000
0.996580 0.018164 0.080612 0.030900 -0.010574 0.995554 -0.093599 11.006600 -0.081953 0.092427 0.992341 0.107900 0.000000 0.000000 0.000000 1.000000
0.996582 0.018264 0.080570 0.030900 -0.010643 0.995513 -0.094019 11.006600 -0.081926 0.092840 0.992305 0.107900 0.000000 0.000000 0.000000 1.000000
0.996585 0.018360 0.080508 0.030900 -0.010709 0.995471 -0.094457 11.006600 -0.081878 0.093272 0.992268 0.107900 0.000000 0.000000 0.000000 1.000000
0.996586 0.018464 0.080471 0.030900 -0.010783 0.995433 -0.094854 11.006600 -0.081854 0.093662 0.992233 0.107900 0.000000 0.000000 0.000000 1.000000
0.996582 0.018591 0.080490 0.030900 -0.010880 0.995399 -0.095194 11.006600 -0.081890 0.093993 0.992199 0.107900 0.000000 0.000000 0.000000 1.000000
0.996574 0.018740 0.080556 0.030900 -0.010997 0.995367 -0.095514 11.006600 -0.081973 0.094301 0.992163 0.107900 0.000000 0.000000 0.000000 1.000000
0.996566 0.018897 0.080616 0.030900 -0.011120 0.995334 -0.095849 11.006600 -0.082051 0.094623 0.992126 0.107900 0.000000 0.000000 0.000000 1.000000
0.996563 0.019029 0.080625 0.030900 -0.011220 0.995296 -0.096231 11.006600 -0.082077 0.094995 0.992088 0.107900 0.000000 0.000000 0.000000 1.000000
0.996564 0.019117 0.080587 0.030900 -0.011278 0.995256 -0.096631 11.006600 -0.082052 0.095390 0.992052 0.107900 0.000000 0.000000 0.000000 1.000000
0.996567 0.019212 0.080534 0.030900 -0.011347 0.995220 -0.096997 11.006600 -0.082012 0.095751 0.992021 0.107900 0.000000 0.000000 0.000000 1.000000
0.996566 0.019331 0.080515 0.030900 -0.011443 0.995189 -0.097302 11.006600 -0.082008 0.096047 0.991993 0.107900 0.000000 0.000000 0.000000 1.000000
0.996560 0.019474 0.080555 0.030900 -0.011560 0.995162 -0.097564 11.006600 -0.082066 0.096298 0.991964 0.107900 0.000000 0.000000 0.000000 1.000000
0.996550 0.019637 0.080643 0.030900 -0.011693 0.995135 -0.097828 11.006600 -0.082171 0.096548 0.991931 0.107900 0.000000 0.000000 0.000000 1.000000
0.996537 0.019819 0.080757 0.030900 -0.011839 0.995104 -0.098124 11.006600 -0.082306 0.096828 0.991892 0.107900 0.000000 0.000000 0.000000 1.000000
0.996524 0.019998 0.080868 0.030900 -0.011980 0.995071 -0.098441 11.006600 -0.082438 0.097130 0.991852 0.107900 0.000000 0.000000 0.000000 1.000000
0.996515 0.020163 0.080939 0.030900 -0.012110 0.995037 -0.098771 11.006600 -0.082529 0.097447 0.991813 0.107900 0.000000 0.000000 0.000000 1.000000
0.996509 0.020314 0.080971 0.030900 -0.012231 0.995003 -0.099096 11.006600 -0.082579 0.097760 0.991778 0.107900 0.000000 0.000000 0.000000 1.000000
0.996506 0.020450 0.080977 0.030900 -0.012340 0.994970 -0.099411 11.006600 -0.082602 0.098064 0.991746 0.107900 0.000000 0.000000 0.000000 1.000000
0.996504 0.020571 0.080974 0.030900 -0.012437 0.994939 -0.099707 11.006600 -0.082615 0.098352 0.991717 0.107900 0.000000 0.000000 0.000000 1.000000
0.996502 0.020680 0.080973 0.030900 -0.012522 0.994910 -0.099983 11.006600 -0.082628 0.098619 0.991689 0.107900 0.000000 0.000000 0.000000 1.000000
0.996499 0.020775 0.080983 0.030900 -0.012595 0.994884 -0.100236 11.006600 -0.082651 0.098865 0.991662 0.107900 0.000000 0.000000 0.000000 1.000000
0.996494 0.020843 0.081022 0.030900 -0.012641 0.994861 -0.100458 11.006600 -0.082699 0.099082 0.991637 0.107900 0.000000 0.000000 0.000000 1.000000
0.996489 0.020886 0.081072 0.030900 -0.012663 0.994842 -0.100648 11.006600 -0.082756 0.099268 0.991614 0.107900 0.000000 0.000000 0.000000 1.000000
0.996486 0.020922 0.081108 0.030900 -0.012681 0.994824 -0.100816 11.006600 -0.082797 0.099433 0.991594 0.107900 0.000000 0.000000 0.000000 1.000000
0.996484 0.020975 0.081113 0.030900 -0.012721 0.994808 -0.100968 11.006600 -0.082809 0.099581 0.991578 0.107900 0.000000 0.000000 0.000000 1.000000
0.996484 0.021032 0.081103 0.030900 -0.012768 0.994795 -0.101095 11.006600 -0.082808 0.099704 0.991565 0.107900 0.000000 0.000000 0.000000 1.000000
0.996483 0.021084 0.081095 0.030900 -0.012812 0.994784 -0.101196 11.006600 -0.082806 0.099801 0.991556 0.107900 0.000000 0.000000 0.000000 1.000000
0.996483 0.021120 0.081091 0.030900 -0.012841 0.994774 -0.101289 11.006600 -0.082806 0.099891 0.991547 0.107900 0.000000 0.000000 0.000000 1.000000
0.996483 0.021135 0.081091 0.030900 -0.012853 0.994770 -0.101327 11.006600 -0.082808 0.099929 0.991543 0.107900 0.000000 0.000000 0.000000 1.000000</float_array><technique_common><accessor source="#Spine-Matrix-animation-output-transform-array" count="60" stride="16"><param type="float4x4"/></accessor></technique_common></source><source id="Spine-Interpolations"><Name_array id="Spine-Interpolations-array" count="60">
 LINEAR LINEAR LINEAR LINEAR LINEAR LINEAR LINEAR LINEAR LINEAR LINEAR LINEAR
LINEAR LINEAR LINEAR LINEAR LINEAR LINEAR LINEAR LINEAR LINEAR LINEAR LINEAR LINEAR
LINEAR LINEAR LINEAR LINEAR LINEAR LINEAR LINEAR LINEAR LINEAR LINEAR LINEAR LINEAR
LINEAR LINEAR LINEAR LINEAR LINEAR LINEAR LINEAR LINEAR LINEAR LINEAR LINEAR LINEAR
LINEAR LINEAR LINEAR LINEAR LINEAR LINEAR LINEAR LINEAR LINEAR LINEAR LINEAR LINEAR
LINEAR</Name_array><technique_common><accessor source="#Spine-Interpolations-array" count="60"><param type="name"/></accessor></technique_common></source><sampler id="Spine-Matrix-animation-transform"><input semantic="INPUT" source="#Spine-Matrix-animation-input"/><input semantic="OUTPUT" source="#Spine-Matrix-animation-output-transform"/><input semantic="INTERPOLATION" source="#Spine-Interpolations"/></sampler><channel source="#Spine-Matrix-animation-transform" target="Spine/matrix"/></animation>
    <animation id="Spine1-anim" name="Spine1"><source id="Spine1-Matrix-animation-input"><float_array id="Spine1-Matrix-animation-input-array" count="60">

0.000000 0.033333 0.066667 0.100000 0.133333 0.166667 0.200000 0.233333 0.266667 0.300000 0.333333 0.366667 0.400000 0.433333 0.466667 0.500000
0.533333 0.566667 0.600000 0.633333 0.666667 0.700000 0.733333 0.766667 0.800000 0.833333 0.866667 0.900000 0.933333 0.966667 1.000000 1.033333
1.066667 1.100000 1.133333 1.166667 1.200000 1.233333 1.266667 1.300000 1.333333 1.366667 1.400000 1.433333 1.466667 1.500000 1.533333 1.566667
1.600000 1.633333 1.666667 1.700000 1.733333 1.766667 1.800000 1.833333 1.866667 1.900000 1.933333 1.966667</float_array><technique_common><accessor source="#Spine1-Matrix-animation-input-array" count="60"><param name="TIME" type="float"/></accessor></technique_common></source><source id="Spine1-Matrix-animation-output-transform"><float_array id="Spine1-Matrix-animation-output-transform-array" count="960">

0.986184 0.053092 0.156915 0.037200 -0.020480 0.979057 -0.202553 11.271000 -0.164382 0.196541 0.966618 0.102300 0.000000 0.000000 0.000000 1.000000
0.986184 0.053063 0.156923 0.037200 -0.020467 0.979078 -0.202452 11.271000 -0.164382 0.196443 0.966638 0.102300 0.000000 0.000000 0.000000 1.000000
0.986185 0.052995 0.156941 0.037200 -0.020432 0.979124 -0.202237 11.271000 -0.164382 0.196236 0.966680 0.102300 0.000000 0.000000 0.000000 1.000000
0.986204 0.052853 0.156871 0.037200 -0.020362 0.979194 -0.201904 11.271000 -0.164278 0.195924 0.966761 0.102300 0.000000 0.000000 0.000000 1.000000
0.986247 0.052629 0.156673 0.037200 -0.020256 0.979290 -0.201448 11.271000 -0.164030 0.195504 0.966888 0.102300 0.000000 0.000000 0.000000 1.000000
0.986341 0.052236 0.156217 0.037200 -0.020054 0.979411 -0.200880 11.271000 -0.163493 0.195003 0.967080 0.102300 0.000000 0.000000 0.000000 1.000000
0.986435 0.051839 0.155749 0.037200 -0.019861 0.979546 -0.200238 11.271000 -0.162944 0.194429 0.967288 0.102300 0.000000 0.000000 0.000000 1.000000
0.986492 0.051509 0.155501 0.037200 -0.019706 0.979698 -0.199506 11.271000 -0.162621 0.193746 0.967480 0.102300 0.000000 0.000000 0.000000 1.000000
0.986508 0.051242 0.155489 0.037200 -0.019585 0.979872 -0.198663 11.271000 -0.162539 0.192938 0.967655 0.102300 0.000000 0.000000 0.000000 1.000000
0.986494 0.051018 0.155650 0.037200 -0.019494 0.980071 -0.197690 11.271000 -0.162634 0.191985 0.967828 0.102300 0.000000 0.000000 0.000000 1.000000
0.986465 0.050809 0.155901 0.037200 -0.019409 0.980278 -0.196668 11.271000 -0.162819 0.190980 0.967996 0.102300 0.000000 0.000000 0.000000 1.000000
0.986433 0.050591 0.156173 0.037200 -0.019301 0.980472 -0.195707 11.271000 -0.163024 0.190037 0.968147 0.102300 0.000000 0.000000 0.000000 1.000000
0.986418 0.050325 0.156357 0.037200 -0.019145 0.980647 -0.194845 11.271000 -0.163137 0.189205 0.968291 0.102300 0.000000 0.000000 0.000000 1.000000
0.986440 0.049980 0.156329 0.037200 -0.018944 0.980811 -0.194037 11.271000 -0.163028 0.188444 0.968458 0.102300 0.000000 0.000000 0.000000 1.000000
0.986502 0.049557 0.156070 0.037200 -0.018714 0.980980 -0.193206 11.271000 -0.162676 0.187678 0.968666 0.102300 0.000000 0.000000 0.000000 1.000000
0.986563 0.049129 0.155817 0.037200 -0.018489 0.981162 -0.192298 11.271000 -0.162329 0.186834 0.968887 0.102300 0.000000 0.000000 0.000000 1.000000
0.986587 0.048753 0.155786 0.037200 -0.018283 0.981355 -0.191332 11.271000 -0.162209 0.185917 0.969084 0.102300 0.000000 0.000000 0.000000 1.000000
0.986569 0.048478 0.155985 0.037200 -0.018132 0.981545 -0.190371 11.271000 -0.162335 0.184985 0.969241 0.102300 0.000000 0.000000 0.000000 1.000000
0.986537 0.048268 0.156255 0.037200 -0.018022 0.981720 -0.189475 11.271000 -0.162545 0.184108 0.969373 0.102300 0.000000 0.000000 0.000000 1.000000
0.986518 0.048061 0.156433 0.037200 -0.017913 0.981872 -0.188699 11.271000 -0.162667 0.183353 0.969495 0.102300 0.000000 0.000000 0.000000 1.000000
0.986526 0.047835 0.156452 0.037200 -0.017802 0.982008 -0.187996 11.271000 -0.162630 0.182678 0.969629 0.102300 0.000000 0.000000 0.000000 1.000000
0.986550 0.047624 0.156368 0.037200 -0.017719 0.982137 -0.187331 11.271000 -0.162497 0.182041 0.969771 0.102300 0.000000 0.000000 0.000000 1.000000
0.986570 0.047449 0.156293 0.037200 -0.017667 0.982262 -0.186682 11.271000 -0.162378 0.181413 0.969908 0.102300 0.000000 0.000000 0.000000 1.000000
0.986578 0.047315 0.156287 0.037200 -0.017636 0.982376 -0.186082 11.271000 -0.162337 0.180828 0.970025 0.102300 0.000000 0.000000 0.000000 1.000000
0.986575 0.047223 0.156333 0.037200 -0.017618 0.982470 -0.185588 11.271000 -0.162356 0.180342 0.970112 0.102300 0.000000 0.000000 0.000000 1.000000
0.986563 0.047189 0.156417 0.037200 -0.017624 0.982532 -0.185256 11.271000 -0.162427 0.180010 0.970162 0.102300 0.000000 0.000000 0.000000 1.000000
0.986547 0.047238 0.156503 0.037200 -0.017674 0.982550 -0.185158 11.271000 -0.162518 0.179901 0.970167 0.102300 0.000000 0.000000 0.000000 1.000000
0.986530 0.047378 0.156566 0.037200 -0.017772 0.982514 -0.185338 11.271000 -0.162610 0.180060 0.970122 0.102300 0.000000 0.000000 0.000000 1.000000
0.986514 0.047577 0.156612 0.037200 -0.017893 0.982435 -0.185746 11.271000 -0.162699 0.180439 0.970037 0.102300 0.000000 0.000000 0.000000 1.000000
0.986495 0.047802 0.156659 0.037200 -0.018022 0.982336 -0.186257 11.271000 -0.162795 0.180918 0.969931 0.102300 0.000000 0.000000 0.000000 1.000000
0.986478 0.048017 0.156699 0.037200 -0.018136 0.982228 -0.186815 11.271000 -0.162884 0.181447 0.969817 0.102300 0.000000 0.000000 0.000000 1.000000
0.986473 0.048209 0.156676 0.037200 -0.018218 0.982099 -0.187484 11.271000 -0.162909 0.182094 0.969692 0.102300 0.000000 0.000000 0.000000 1.000000
0.986482 0.048378 0.156566 0.037200 -0.018268 0.981940 -0.188310 11.271000 -0.162848 0.182904 0.969550 0.102300 0.000000 0.000000 0.000000 1.000000
0.986498 0.048536 0.156414 0.037200 -0.018310 0.981774 -0.189169 11.271000 -0.162744 0.183751 0.969407 0.102300 0.000000 0.000000 0.000000 1.000000
0.986506 0.048712 0.156312 0.037200 -0.018373 0.981622 -0.189950 11.271000 -0.162692 0.184515 0.969271 0.102300 0.000000 0.000000 0.000000 1.000000
0.986493 0.048927 0.156327 0.037200 -0.018472 0.981490 -0.190621 11.271000 -0.162760 0.185159 0.969136 0.102300 0.000000 0.000000 0.000000 1.000000
0.986464 0.049179 0.156432 0.037200 -0.018596 0.981365 -0.191252 11.271000 -0.162922 0.185755 0.968995 0.102300 0.000000 0.000000 0.000000 1.000000
0.986437 0.049434 0.156520 0.037200 -0.018723 0.981234 -0.191911 11.271000 -0.163069 0.186378 0.968851 0.102300 0.000000 0.000000 0.000000 1.000000
0.986429 0.049634 0.156508 0.037200 -0.018798 0.981086 -0.192660 11.271000 -0.163110 0.187103 0.968704 0.102300 0.000000 0.000000 0.000000 1.000000
0.986439 0.049748 0.156405 0.037200 -0.018798 0.980932 -0.193443 11.271000 -0.163046 0.187879 0.968565 0.102300 0.000000 0.000000 0.000000 1.000000
0.986454 0.049882 0.156270 0.037200 -0.018837 0.980789 -0.194159 11.271000 -0.162953 0.188586 0.968443 0.102300 0.000000 0.000000 0.000000 1.000000
0.986455 0.050069 0.156206 0.037200 -0.018935 0.980669 -0.194758 11.271000 -0.162938 0.189162 0.968333 0.102300 0.000000 0.000000 0.000000 1.000000
0.986434 0.050307 0.156260 0.037200 -0.019074 0.980563 -0.195276 11.271000 -0.163047 0.189646 0.968220 0.102300 0.000000 0.000000 0.000000 1.000000
0.986397 0.050582 0.156407 0.037200 -0.019231 0.980456 -0.195798 11.271000 -0.163254 0.190126 0.968091 0.102300 0.000000 0.000000 0.000000 1.000000
0.986350 0.050887 0.156604 0.037200 -0.019398 0.980336 -0.196380 11.271000 -0.163518 0.190662 0.967941 0.102300 0.000000 0.000000 0.000000 1.000000
0.986305 0.051178 0.156793 0.037200 -0.019544 0.980208 -0.197005 11.271000 -0.163772 0.191243 0.967784 0.102300 0.000000 0.000000 0.000000 1.000000
0.986274 0.051431 0.156903 0.037200 -0.019664 0.980075 -0.197653 11.271000 -0.163942 0.191855 0.967634 0.102300 0.000000 0.000000 0.000000 1.000000
0.986257 0.051655 0.156936 0.037200 -0.019771 0.979944 -0.198291 11.271000 -0.164031 0.192463 0.967498 0.102300 0.000000 0.000000 0.000000 1.000000
0.986249 0.051851 0.156920 0.037200 -0.019865 0.979817 -0.198906 11.271000 -0.164066 0.193054 0.967374 0.102300 0.000000 0.000000 0.000000 1.000000
0.986245 0.052024 0.156889 0.037200 -0.019945 0.979698 -0.199487 11.271000 -0.164082 0.193613 0.967260 0.102300 0.000000 0.000000 0.000000 1.000000
0.986241 0.052178 0.156863 0.037200 -0.020012 0.979586 -0.200026 11.271000 -0.164098 0.194135 0.967152 0.102300 0.000000 0.000000 0.000000 1.000000
0.986234 0.052314 0.156863 0.037200 -0.020063 0.979484 -0.200521 11.271000 -0.164135 0.194613 0.967050 0.102300 0.000000 0.000000 0.000000 1.000000
0.986218 0.052421 0.156924 0.037200 -0.020083 0.979395 -0.200955 11.271000 -0.164225 0.195034 0.966950 0.102300 0.000000 0.000000 0.000000 1.000000
0.986201 0.052491 0.157010 0.037200 -0.020072 0.979318 -0.201327 11.271000 -0.164330 0.195397 0.966859 0.102300 0.000000 0.000000 0.000000 1.000000
0.986188 0.052553 0.157069 0.037200 -0.020066 0.979251 -0.201655 11.271000 -0.164408 0.195718 0.966781 0.102300 0.000000 0.000000 0.000000 1.000000
0.986184 0.052649 0.157067 0.037200 -0.020110 0.979188 -0.201955 11.271000 -0.164431 0.196006 0.966718 0.102300 0.000000 0.000000 0.000000 1.000000
0.986183 0.052746 0.157036 0.037200 -0.020170 0.979135 -0.202206 11.271000 -0.164425 0.196245 0.966671 0.102300 0.000000 0.000000 0.000000 1.000000
0.986183 0.052829 0.157009 0.037200 -0.020224 0.979093 -0.202405 11.271000 -0.164419 0.196433 0.966633 0.102300 0.000000 0.000000 0.000000 1.000000
0.986183 0.052881 0.156995 0.037200 -0.020248 0.979055 -0.202586 11.271000 -0.164420 0.196608 0.966598 0.102300 0.000000 0.000000 0.000000 1.000000
0.986182 0.052902 0.156989 0.037200 -0.020257 0.979039 -0.202661 11.271000 -0.164419 0.196681 0.966583 0.102300 0.000000 0.000000 0.000000 1.000000</float_array><technique_common><accessor source="#Spine1-Matrix-animation-output-transform-array" count="60" stride="16"><param type="float4x4"/></accessor></technique_common></source><source id="Spine1-Interpolations"><Name_array id="Spine1-Interpolations-array" count="60">
 LINEAR LINEAR LINEAR LINEAR LINEAR LINEAR LINEAR LINEAR LINEAR LINEAR LINEAR
LINEAR LINEAR LINEAR LINEAR LINEAR LINEAR LINEAR LINEAR LINEAR LINEAR LINEAR LINEAR
LINEAR LINEAR LINEAR LINEAR LINEAR LINEAR LINEAR LINEAR LINEAR LINEAR LINEAR LINEAR
LINEAR LINEAR LINEAR LINEAR LINEAR LINEAR LINEAR LINEAR LINEAR LINEAR LINEAR LINEAR
LINEAR LINEAR LINEAR LINEAR LINEAR LINEAR LINEAR LINEAR LINEAR LINEAR LINEAR LINEAR
LINEAR</Name_array><technique_common><accessor source="#Spine1-Interpolations-array" count="60"><param type="name"/></accessor></technique_common></source><sampler id="Spine1-Matrix-animation-transform"><input semantic="INPUT" source="#Spine1-Matrix-animation-input"/><input semantic="OUTPUT" source="#Spine1-Matrix-animation-output-transform"/><input semantic="INTERPOLATION" source="#Spine1-Interpolations"/></sampler><channel source="#Spine1-Matrix-animation-transform" target="Spine1/matrix"/></animation>
    <animation id="Spine2-anim" name="Spine2"><source id="Spine2-Matrix-animation-input"><float_array id="Spine2-Matrix-animation-input-array" count="60">

0.000000 0.033333 0.066667 0.100000 0.133333 0.166667 0.200000 0.233333 0.266667 0.300000 0.333333 0.366667 0.400000 0.433333 0.466667 0.500000
0.533333 0.566667 0.600000 0.633333 0.666667 0.700000 0.733333 0.766667 0.800000 0.833333 0.866667 0.900000 0.933333 0.966667 1.000000 1.033333
1.066667 1.100000 1.133333 1.166667 1.200000 1.233333 1.266667 1.300000 1.333333 1.366667 1.400000 1.433333 1.466667 1.500000 1.533333 1.566667
1.600000 1.633333 1.666667 1.700000 1.733333 1.766667 1.800000 1.833333 1.866667 1.900000 1.933333 1.966667</float_array><technique_common><accessor source="#Spine2-Matrix-animation-input-array" count="60"><param name="TIME" type="float"/></accessor></technique_common></source><source id="Spine2-Matrix-animation-output-transform"><float_array id="Spine2-Matrix-animation-output-transform-array" count="960">

0.986184 0.053092 0.156915 0.042500 -0.020480 0.979057 -0.202553 10.833500 -0.164382 0.196541 0.966618 0.116900 0.000000 0.000000 0.000000 1.000000
0.986184 0.053064 0.156923 0.042500 -0.020467 0.979078 -0.202452 10.833500 -0.164382 0.196443 0.966638 0.116900 0.000000 0.000000 0.000000 1.000000
0.986185 0.052995 0.156941 0.042500 -0.020432 0.979123 -0.202237 10.833500 -0.164382 0.196236 0.966680 0.116900 0.000000 0.000000 0.000000 1.000000
0.986204 0.052853 0.156871 0.042500 -0.020362 0.979194 -0.201904 10.833500 -0.164278 0.195924 0.966761 0.116900 0.000000 0.000000 0.000000 1.000000
0.986247 0.052629 0.156673 0.042500 -0.020256 0.979290 -0.201448 10.833500 -0.164030 0.195504 0.966888 0.116900 0.000000 0.000000 0.000000 1.000000
0.986341 0.052236 0.156217 0.042500 -0.020054 0.979411 -0.200880 10.833500 -0.163493 0.195003 0.967080 0.116900 0.000000 0.000000 0.000000 1.000000
0.986435 0.051839 0.155749 0.042500 -0.019861 0.979546 -0.200238 10.833500 -0.162944 0.194429 0.967288 0.116900 0.000000 0.000000 0.000000 1.000000
0.986492 0.051509 0.155501 0.042500 -0.019706 0.979699 -0.199506 10.833500 -0.162621 0.193746 0.967480 0.116900 0.000000 0.000000 0.000000 1.000000
0.986508 0.051242 0.155489 0.042500 -0.019585 0.979872 -0.198663 10.833500 -0.162539 0.192938 0.967655 0.116900 0.000000 0.000000 0.000000 1.000000
0.986494 0.051018 0.155650 0.042500 -0.019494 0.980071 -0.197690 10.833500 -0.162634 0.191985 0.967828 0.116900 0.000000 0.000000 0.000000 1.000000
0.986465 0.050809 0.155901 0.042500 -0.019409 0.980278 -0.196668 10.833500 -0.162819 0.190980 0.967996 0.116900 0.000000 0.000000 0.000000 1.000000
0.986433 0.050591 0.156173 0.042500 -0.019301 0.980472 -0.195707 10.833500 -0.163024 0.190038 0.968147 0.116900 0.000000 0.000000 0.000000 1.000000
0.986418 0.050324 0.156357 0.042500 -0.019145 0.980647 -0.194845 10.833500 -0.163137 0.189205 0.968291 0.116900 0.000000 0.000000 0.000000 1.000000
0.986440 0.049980 0.156330 0.042500 -0.018944 0.980811 -0.194037 10.833500 -0.163028 0.188444 0.968458 0.116900 0.000000 0.000000 0.000000 1.000000
0.986502 0.049557 0.156070 0.042500 -0.018714 0.980980 -0.193206 10.833500 -0.162677 0.187678 0.968666 0.116900 0.000000 0.000000 0.000000 1.000000
0.986563 0.049129 0.155817 0.042500 -0.018489 0.981162 -0.192298 10.833500 -0.162330 0.186834 0.968887 0.116900 0.000000 0.000000 0.000000 1.000000
0.986587 0.048753 0.155786 0.042500 -0.018283 0.981355 -0.191332 10.833500 -0.162209 0.185917 0.969084 0.116900 0.000000 0.000000 0.000000 1.000000
0.986569 0.048478 0.155985 0.042500 -0.018132 0.981545 -0.190370 10.833500 -0.162335 0.184985 0.969241 0.116900 0.000000 0.000000 0.000000 1.000000
0.986537 0.048268 0.156255 0.042500 -0.018022 0.981720 -0.189475 10.833500 -0.162545 0.184108 0.969373 0.116900 0.000000 0.000000 0.000000 1.000000
0.986519 0.048061 0.156433 0.042500 -0.017913 0.981872 -0.188699 10.833500 -0.162666 0.183353 0.969495 0.116900 0.000000 0.000000 0.000000 1.000000
0.986527 0.047835 0.156452 0.042500 -0.017802 0.982008 -0.187996 10.833500 -0.162630 0.182678 0.969629 0.116900 0.000000 0.000000 0.000000 1.000000
0.986550 0.047624 0.156368 0.042500 -0.017719 0.982137 -0.187331 10.833500 -0.162497 0.182041 0.969771 0.116900 0.000000 0.000000 0.000000 1.000000
0.986570 0.047449 0.156293 0.042500 -0.017667 0.982262 -0.186682 10.833500 -0.162378 0.181413 0.969909 0.116900 0.000000 0.000000 0.000000 1.000000
0.986578 0.047315 0.156287 0.042500 -0.017636 0.982376 -0.186082 10.833500 -0.162338 0.180828 0.970025 0.116900 0.000000 0.000000 0.000000 1.000000
0.986575 0.047223 0.156333 0.042500 -0.017618 0.982470 -0.185587 10.833500 -0.162356 0.180342 0.970112 0.116900 0.000000 0.000000 0.000000 1.000000
0.986563 0.047189 0.156417 0.042500 -0.017624 0.982532 -0.185256 10.833500 -0.162427 0.180010 0.970162 0.116900 0.000000 0.000000 0.000000 1.000000
0.986547 0.047238 0.156502 0.042500 -0.017674 0.982550 -0.185158 10.833500 -0.162518 0.179901 0.970167 0.116900 0.000000 0.000000 0.000000 1.000000
0.986530 0.047379 0.156566 0.042500 -0.017772 0.982514 -0.185339 10.833500 -0.162609 0.180060 0.970122 0.116900 0.000000 0.000000 0.000000 1.000000
0.986514 0.047577 0.156612 0.042500 -0.017893 0.982435 -0.185746 10.833500 -0.162698 0.180439 0.970037 0.116900 0.000000 0.000000 0.000000 1.000000
0.986495 0.047802 0.156659 0.042500 -0.018022 0.982336 -0.186257 10.833500 -0.162795 0.180918 0.969931 0.116900 0.000000 0.000000 0.000000 1.000000
0.986478 0.048017 0.156699 0.042500 -0.018136 0.982228 -0.186814 10.833500 -0.162884 0.181447 0.969817 0.116900 0.000000 0.000000 0.000000 1.000000
0.986473 0.048209 0.156676 0.042500 -0.018218 0.982099 -0.187484 10.833500 -0.162910 0.182094 0.969692 0.116900 0.000000 0.000000 0.000000 1.000000
0.986482 0.048378 0.156565 0.042500 -0.018268 0.981940 -0.188310 10.833500 -0.162848 0.182904 0.969550 0.116900 0.000000 0.000000 0.000000 1.000000
0.986498 0.048536 0.156414 0.042500 -0.018310 0.981774 -0.189169 10.833500 -0.162744 0.183751 0.969407 0.116900 0.000000 0.000000 0.000000 1.000000
0.986506 0.048712 0.156312 0.042500 -0.018373 0.981622 -0.189950 10.833500 -0.162692 0.184515 0.969271 0.116900 0.000000 0.000000 0.000000 1.000000
