<?xml version="1.0" encoding="utf-8"?>
<COLLADA xmlns="http://www.collada.org/2005/11/COLLADASchema" version="1.4.1">
  <asset><contributor><author>Mixamo</author><authoring_tool>COLLADA Mixamo exporter</authoring_tool><comments></comments></contributor><created>2020-05-18T12:56:25Z</created><modified>2020-05-18T12:56:25Z</modified><revision></revision><title></title><unit meter="0.010000"/><up_axis>Y_UP</up_axis></asset>
  <library_animations>
    <animation id="Hips-anim" name="Hips"><source id="Hips-Matrix-animation-input"><float_array id="Hips-Matrix-animation-input-array" count="64">

0.000000 0.033333 0.066667 0.100000 0.133333 0.166667 0.200000 0.233333 0.266667 0.300000 0.333333 0.366667 0.400000 0.433333 0.466667 0.500000
0.533333 0.566667 0.600000 0.633333 0.666667 0.700000 0.733333 0.766667 0.800000 0.833333 0.866667 0.900000 0.933333 0.966667 1.000000 1.033333
1.066667 1.100000 1.133333 1.166667 1.200000 1.233333 1.266667 1.300000 1.333333 1.366667 1.400000 1.433333 1.466667 1.500000 1.533333 1.566667
1.600000 1.633333 1.666667 1.700000 1.733333 1.766667 1.800000 1.833333 1.866667 1.900000 1.933333 1.966667 2.000000 2.033333 2.066667 2.100000</float_array><technique_common><accessor source="#Hips-Matrix-animation-input-array" count="64"><param name="TIME" type="float"/></accessor></technique_common></source><source id="Hips-Matrix-animation-output-transform"><float_array id="Hips-Matrix-animation-output-transform-array" count="1024">

0.999057 -0.041665 0.012237 -0.768229 0.041395 0.998911 0.021516 101.457245 -0.013120 -0.020989 0.999694 -2.774005 0.000000 0.000000 0.000000 1.000000
0.993614 -0.038410 -0.106098 -0.162771 0.027770 0.994600 -0.100003 101.210419 0.109366 0.096418 0.989314 1.985993 0.000000 0.000000 0.000000 1.000000
0.988259 -0.025347 -0.150668 -0.193878 0.001544 0.987750 -0.156036 101.085609 0.152777 0.153972 0.976192 6.418183 0.000000 0.000000 0.000000 1.000000
0.991121 -0.022364 -0.131070 -0.877191 0.000459 0.986323 -0.164823 101.522499 0.132964 0.163300 0.977575 10.855045 0.000000 0.000000 0.000000 1.000000
0.997045 -0.039835 -0.065687 -2.101580 0.030203 0.989462 -0.141609 102.591415 0.070636 0.139207 0.987741 15.474595 0.000000 0.000000 0.000000 1.000000
0.997017 -0.076804 0.007635 -3.517886 0.077180 0.991333 -0.106313 104.023926 0.000597 0.106585 0.994303 20.249668 0.000000 0.000000 0.000000 1.000000
0.990957 -0.120118 0.059799 -4.714222 0.124600 0.989143 -0.077912 105.389587 -0.049791 0.084659 0.995165 24.990881 0.000000 0.000000 0.000000 1.000000
0.984584 -0.153372 0.084091 -5.439675 0.159192 0.984937 -0.067498 106.489990 -0.072472 0.079844 0.994169 29.547482 0.000000 0.000000 0.000000 1.000000
0.981323 -0.169708 0.090580 -5.664938 0.176604 0.981462 -0.074448 107.183418 -0.076266 0.089055 0.993103 33.899872 0.000000 0.000000 0.000000 1.000000
0.980520 -0.173198 0.092644 -5.542402 0.181514 0.979221 -0.090441 107.429474 -0.075055 0.105495 0.991583 38.150169 0.000000 0.000000 0.000000 1.000000
0.980485 -0.170307 0.098206 -5.268254 0.180570 0.977691 -0.107305 107.311600 -0.077740 0.122944 0.989364 42.429543 0.000000 0.000000 0.000000 1.000000
0.979846 -0.167633 0.108633 -4.999221 0.180353 0.976213 -0.120335 106.808571 -0.085877 0.137502 0.986772 46.794937 0.000000 0.000000 0.000000 1.000000
0.979205 -0.164399 0.118869 -4.812789 0.179418 0.975254 -0.129187 106.028816 -0.094689 0.147828 0.984470 51.359470 0.000000 0.000000 0.000000 1.000000
0.980505 -0.156572 0.118727 -4.699923 0.172301 0.975551 -0.136428 105.231583 -0.094463 0.154225 0.983510 56.247913 0.000000 0.000000 0.000000 1.000000
0.985788 -0.136935 0.097315 -4.505672 0.150008 0.978293 -0.142968 104.365662 -0.075625 0.155535 0.984931 61.824425 0.000000 0.000000 0.000000 1.000000
0.992974 -0.107151 0.050214 -4.228088 0.113406 0.982878 -0.145224 102.579384 -0.033793 0.149899 0.988124 68.299683 0.000000 0.000000 0.000000 1.000000
0.996678 -0.081192 -0.006317 -3.976530 0.079542 0.987193 -0.138287 100.480667 0.017464 0.137325 0.990372 75.075722 0.000000 0.000000 0.000000 1.000000
0.996247 -0.071867 -0.048243 -3.789195 0.065273 0.989807 -0.126577 97.964188 0.056848 0.122953 0.990783 81.291626 0.000000 0.000000 0.000000 1.000000
0.994735 -0.083886 -0.058859 -3.633470 0.076320 0.989744 -0.120759 95.509232 0.068386 0.115631 0.990935 86.385338 0.000000 0.000000 0.000000 1.000000
0.994428 -0.098815 -0.036725 -3.263142 0.093435 0.987492 -0.127004 94.183380 0.048816 0.122864 0.991222 90.787689 0.000000 0.000000 0.000000 1.000000
0.994874 -0.101015 0.004595 -2.354300 0.100624 0.984476 -0.143809 94.215256 0.010003 0.143534 0.989595 94.824730 0.000000 0.000000 0.000000 1.000000
0.995422 -0.079578 0.052933 -0.841186 0.087354 0.982243 -0.166035 95.495712 -0.038781 0.169899 0.984698 99.125595 0.000000 0.000000 0.000000 1.000000
0.993541 -0.038910 0.106593 0.957089 0.058626 0.980300 -0.188612 97.585182 -0.097154 0.193643 0.976250 103.954597 0.000000 0.000000 0.000000 1.000000
0.985261 0.006783 0.170922 2.511604 0.029379 0.977656 -0.208150 99.702896 -0.168514 0.210104 0.963047 109.226463 0.000000 0.000000 0.000000 1.000000
0.967794 0.043921 0.247881 3.492472 0.012601 0.974977 -0.221948 101.178085 -0.251426 0.217924 0.943024 114.635414 0.000000 0.000000 0.000000 1.000000
0.941689 0.066063 0.329935 3.941538 0.010976 0.973985 -0.226349 101.814560 -0.336305 0.216771 0.916466 119.945862 0.000000 0.000000 0.000000 1.000000
0.911320 0.076044 0.404614 4.128602 0.016000 0.975509 -0.219376 101.656601 -0.411387 0.206396 0.887785 125.150192 0.000000 0.000000 0.000000 1.000000
0.883296 0.079867 0.461963 4.362985 0.018513 0.978671 -0.204597 101.030197 -0.468450 0.189272 0.862978 130.391769 0.000000 0.000000 0.000000 1.000000
0.862789 0.081971 0.498875 4.832987 0.016635 0.981631 -0.190063 100.302605 -0.505291 0.172283 0.845576 135.776352 0.000000 0.000000 0.000000 1.000000
0.851571 0.081911 0.517800 5.594597 0.016755 0.982961 -0.183051 99.690849 -0.523971 0.164557 0.835688 141.310333 0.000000 0.000000 0.000000 1.000000
0.848856 0.075301 0.523233 6.624536 0.027517 0.982166 -0.185991 99.157074 -0.527907 0.172277 0.831646 146.940842 0.000000 0.000000 0.000000 1.000000
0.852747 0.058346 0.519055 7.879308 0.051567 0.979482 -0.194821 98.489395 -0.519772 0.192899 0.832242 152.630646 0.000000 0.000000 0.000000 1.000000
0.860886 0.032480 0.507761 9.284946 0.082048 0.976037 -0.201543 97.497604 -0.502139 0.215166 0.837591 158.439713 0.000000 0.000000 0.000000 1.000000
0.871640 0.005242 0.490119 10.581172 0.106146 0.974195 -0.199192 96.331070 -0.478515 0.225648 0.848591 164.239044 0.000000 0.000000 0.000000 1.000000
0.883131 -0.015645 0.468866 11.499990 0.116149 0.975619 -0.186217 95.130356 -0.454521 0.218912 0.863417 169.871048 0.000000 0.000000 0.000000 1.000000
0.893659 -0.024350 0.448085 11.832626 0.111264 0.979370 -0.168683 93.811508 -0.434734 0.200601 0.877933 175.050049 0.000000 0.000000 0.000000 1.000000
0.904450 -0.030463 0.425491 11.809578 0.107060 0.981733 -0.157287 92.931068 -0.412927 0.187811 0.891189 180.120712 0.000000 0.000000 0.000000 1.000000
0.917767 -0.044970 0.394565 11.621959 0.117060 0.980056 -0.160586 92.900185 -0.379474 0.193568 0.904727 185.457062 0.000000 0.000000 0.000000 1.000000
0.934438 -0.077108 0.347677 11.312023 0.147322 0.972523 -0.180265 94.016632 -0.324224 0.219667 0.920122 191.293884 0.000000 0.000000 0.000000 1.000000
0.952052 -0.119272 0.281729 10.857523 0.182704 0.960288 -0.210870 95.809692 -0.245390 0.252232 0.936035 197.186966 0.000000 0.000000 0.000000 1.000000
0.966443 -0.160609 0.200480 10.395247 0.207925 0.947388 -0.243357 97.837677 -0.150847 0.276875 0.948992 202.821442 0.000000 0.000000 0.000000 1.000000
0.974359 -0.194115 0.113769 10.104462 0.218311 0.937994 -0.269273 99.755371 -0.054444 0.287205 0.956321 208.132553 0.000000 0.000000 0.000000 1.000000
0.975235 -0.218558 0.033887 10.083265 0.219053 0.933351 -0.284378 101.314911 0.030525 0.284759 0.958113 213.225052 0.000000 0.000000 0.000000 1.000000
0.971297 -0.236011 -0.029692 10.305230 0.217694 0.932266 -0.288943 102.374214 0.095875 0.274186 0.956886 218.269775 0.000000 0.000000 0.000000 1.000000
0.966226 -0.246919 -0.073750 10.645258 0.216834 0.933651 -0.285095 102.904068 0.139252 0.259474 0.955658 223.459198 0.000000 0.000000 0.000000 1.000000
0.962939 -0.249837 -0.101632 10.963749 0.214147 0.937274 -0.275060 102.863335 0.163978 0.243102 0.956040 228.940247 0.000000 0.000000 0.000000 1.000000
0.962799 -0.241203 -0.121819 11.162532 0.203390 0.943672 -0.260990 102.262375 0.177909 0.226504 0.957624 234.833710 0.000000 0.000000 0.000000 1.000000
0.965086 -0.218895 -0.143856 11.210328 0.179681 0.952862 -0.244478 101.010231 0.190590 0.210094 0.958924 241.325775 0.000000 0.000000 0.000000 1.000000
0.966084 -0.192969 -0.171596 10.935431 0.152244 0.962367 -0.225102 99.543114 0.208576 0.191343 0.959106 248.051834 0.000000 0.000000 0.000000 1.000000
0.962582 -0.176464 -0.205659 10.449736 0.134578 0.970008 -0.202418 98.206421 0.235210 0.167167 0.957461 254.613602 0.000000 0.000000 0.000000 1.000000
0.953933 -0.178594 -0.241072 10.099998 0.137151 0.974237 -0.179030 97.133614 0.266835 0.137719 0.953851 260.730133 0.000000 0.000000 0.000000 1.000000
0.941759 -0.198979 -0.271103 9.887006 0.159912 0.974161 -0.159495 96.413109 0.295834 0.106853 0.949244 266.327972 0.000000 0.000000 0.000000 1.000000
0.931849 -0.220970 -0.287802 9.442959 0.185468 0.971800 -0.145623 96.654411 0.311864 0.082321 0.946554 271.793671 0.000000 0.000000 0.000000 1.000000
0.930691 -0.228859 -0.285373 8.798027 0.197514 0.971020 -0.134568 97.730774 0.307900 0.068876 0.948922 277.340698 0.000000 0.000000 0.000000 1.000000
0.940759 -0.215231 -0.262007 7.980656 0.189133 0.974423 -0.121360 99.239731 0.281426 0.064617 0.957405 282.974243 0.000000 0.000000 0.000000 1.000000
0.958572 -0.180723 -0.220179 7.045458 0.161327 0.981485 -0.103246 100.991684 0.234762 0.063448 0.969980 288.608215 0.000000 0.000000 0.000000 1.000000
0.976643 -0.134947 -0.167208 6.087967 0.122801 0.989119 -0.081011 102.877586 0.176321 0.058586 0.982588 294.484192 0.000000 0.000000 0.000000 1.000000
0.989027 -0.094902 -0.113224 5.124328 0.088761 0.994356 -0.058112 104.658127 0.118100 0.047424 0.991869 300.758301 0.000000 0.000000 0.000000 1.000000
0.994269 -0.075282 -0.075912 4.074819 0.072357 0.996553 -0.040582 105.878510 0.078705 0.034857 0.996288 307.178619 0.000000 0.000000 0.000000 1.000000
0.996412 -0.066458 -0.052402 3.056998 0.065134 0.997522 -0.026583 106.364960 0.054039 0.023075 0.998272 313.712036 0.000000 0.000000 0.000000 1.000000
0.997723 -0.057995 -0.034423 2.102583 0.057542 0.998245 -0.013991 105.812775 0.035174 0.011978 0.999309 320.233124 0.000000 0.000000 0.000000 1.000000
0.998442 -0.052204 -0.019693 1.157308 0.052171 0.998636 -0.002178 104.543167 0.019779 0.001148 0.999804 326.766449 0.000000 0.000000 0.000000 1.000000
0.998745 -0.049710 -0.006055 0.205594 0.049767 0.998715 0.009564 103.002075 0.005572 -0.009853 0.999936 333.344879 0.000000 0.000000 0.000000 1.000000
0.999055 -0.041712 0.012207 -0.770818 0.041443 0.998909 0.021515 101.452477 -0.013091 -0.020988 0.999694 339.741730 0.000000 0.000000 0.000000 1.000000</float_array><technique_common><accessor source="#Hips-Matrix-animation-output-transform-array" count="64" stride="16"><param type="float4x4"/></accessor></technique_common></source><source id="Hips-Interpolations"><Name_array id="Hips-Interpolations-array" count="64">
 LINEAR LINEAR LINEAR LINEAR LINEAR LINEAR LINEAR LINEAR LINEAR LINEAR LINEAR
LINEAR LINEAR LINEAR LINEAR LINEAR LINEAR LINEAR LINEAR LINEAR LINEAR LINEAR LINEAR
LINEAR LINEAR LINEAR LINEAR LINEAR LINEAR LINEAR LINEAR LINEAR LINEAR LINEAR LINEAR
LINEAR LINEAR LINEAR LINEAR LINEAR LINEAR LINEAR LINEAR LINEAR LINEAR LINEAR LINEAR
LINEAR LINEAR LINEAR LINEAR LINEAR LINEAR LINEAR LINEAR LINEAR LINEAR LINEAR LINEAR
LINEAR LINEAR LINEAR LINEAR LINEAR</Name_array><technique_common><accessor source="#Hips-Interpolations-array" count="64"><param type="name"/></accessor></technique_common></source><sampler id="Hips-Matrix-animation-transform"><input semantic="INPUT" source="#Hips-Matrix-animation-input"/><input semantic="OUTPUT" source="#Hips-Matrix-animation-output-transform"/><input semantic="INTERPOLATION" source="#Hips-Interpolations"/></sampler><channel source="#Hips-Matrix-animation-transform" target="Hips/matrix"/></animation>
    <animation id="Spine-anim" name="Spine"><source id="Spine-Matrix-animation-input"><float_array id="Spine-Matrix-animation-input-array" count="64">

0.000000 0.033333 0.066667 0.100000 0.133333 0.166667 0.200000 0.233333 0.266667 0.300000 0.333333 0.366667 0.400000 0.433333 0.466667 0.500000
0.533333 0.566667 0.600000 0.633333 0.666667 0.700000 0.733333 0.766667 0.800000 0.833333 0.866667 0.900000 0.933333 0.966667 1.000000 1.033333
1.066667 1.100000 1.133333 1.166667 1.200000 1.233333 1.266667 1.300000 1.333333 1.366667 1.400000 1.433333 1.466667 1.500000 1.533333 1.566667
1.600000 1.633333 1.666667 1.700000 1.733333 1.766667 1.800000 1.833333 1.866667 1.900000 1.933333 1.966667 2.000000 2.033333 2.066667 2.100000</float_array><technique_common><accessor source="#Spine-Matrix-animation-input-array" count="64"><param name="TIME" type="float"/></accessor></technique_common></source><source id="Spine-Matrix-animation-output-transform"><float_array id="Spine-Matrix-animation-output-transform-array" count="1024">

0.983502 -0.114494 -0.140057 0.030900 0.108060 0.992745 -0.052731 11.006600 0.145078 0.036727 0.988738 0.107900 0.000000 0.000000 0.000000 1.000000
0.988850 -0.101996 -0.108499 0.030900 0.099397 0.994622 -0.029113 11.006600 0.110885 0.018004 0.993670 0.107900 0.000000 0.000000 0.000000 1.000000
0.990679 -0.100321 -0.092145 0.030900 0.098830 0.994891 -0.020616 11.006600 0.093742 0.011318 0.995532 0.107900 0.000000 0.000000 0.000000 1.000000
0.991647 -0.095490 -0.086710 0.030900 0.093977 0.995345 -0.021387 11.006600 0.088348 0.013060 0.996004 0.107900 0.000000 0.000000 0.000000 1.000000
0.992883 -0.079544 -0.088639 0.030900 0.077430 0.996631 -0.027045 11.006600 0.090491 0.019989 0.995697 0.107900 0.000000 0.000000 0.000000 1.000000
0.994651 -0.049162 -0.090841 0.030900 0.046307 0.998373 -0.033280 11.006600 0.092330 0.028895 0.995309 0.107900 0.000000 0.000000 0.000000 1.000000
0.996044 -0.009850 -0.088309 0.030900 0.006408 0.999212 -0.039182 11.006600 0.088625 0.038461 0.995322 0.107900 0.000000 0.000000 0.000000 1.000000
0.996471 0.026835 -0.079538 0.030900 -0.030597 0.998451 -0.046459 11.006600 0.078168 0.048729 0.995749 0.107900 0.000000 0.000000 0.000000 1.000000
0.996455 0.052732 -0.065549 0.030900 -0.056475 0.996797 -0.056628 11.006600 0.062353 0.060129 0.996241 0.107900 0.000000 0.000000 0.000000 1.000000
0.996639 0.066366 -0.048025 0.030900 -0.069621 0.995140 -0.069631 11.006600 0.043170 0.072741 0.996416 0.107900 0.000000 0.000000 0.000000 1.000000
0.997204 0.069070 -0.028535 0.030900 -0.071253 0.993890 -0.084299 11.006600 0.022538 0.086096 0.996032 0.107900 0.000000 0.000000 0.000000 1.000000
0.997730 0.066816 -0.008449 0.030900 -0.067324 0.992862 -0.098451 11.006600 0.001810 0.098796 0.995106 0.107900 0.000000 0.000000 0.000000 1.000000
0.997940 0.063143 0.011336 0.030900 -0.061528 0.992080 -0.109504 11.006600 -0.018160 0.108580 0.993922 0.107900 0.000000 0.000000 0.000000 1.000000
0.997667 0.061415 0.029798 0.030900 -0.057591 0.991627 -0.115578 11.006600 -0.036647 0.113592 0.992851 0.107900 0.000000 0.000000 0.000000 1.000000
0.997095 0.059969 0.046961 0.030900 -0.054152 0.991699 -0.116619 11.006600 -0.053564 0.113737 0.992066 0.107900 0.000000 0.000000 0.000000 1.000000
0.996198 0.059985 0.063172 0.030900 -0.052443 0.991987 -0.114940 11.006600 -0.069561 0.111190 0.991362 0.107900 0.000000 0.000000 0.000000 1.000000
0.995285 0.065152 0.071848 0.030900 -0.056694 0.991855 -0.114059 11.006600 -0.078694 0.109448 0.990873 0.107900 0.000000 0.000000 0.000000 1.000000
0.994684 0.074922 0.070650 0.030900 -0.066436 0.991068 -0.115629 11.006600 -0.078682 0.110321 0.990777 0.107900 0.000000 0.000000 0.000000 1.000000
0.994246 0.087882 0.061254 0.030900 -0.080136 0.989640 -0.119128 11.006600 -0.071089 0.113533 0.990988 0.107900 0.000000 0.000000 0.000000 1.000000
0.994650 0.091350 0.048240 0.030900 -0.084911 0.988906 -0.121881 11.006600 -0.058839 0.117133 0.991372 0.107900 0.000000 0.000000 0.000000 1.000000
0.995866 0.082922 0.037072 0.030900 -0.077850 0.989476 -0.121968 11.006600 -0.046796 0.118577 0.991842 0.107900 0.000000 0.000000 0.000000 1.000000
0.997750 0.059848 0.030231 0.030900 -0.055902 0.991465 -0.117778 11.006600 -0.037022 0.115823 0.992580 0.107900 0.000000 0.000000 0.000000 1.000000
0.999381 0.024350 0.025406 0.030900 -0.021448 0.993829 -0.108829 11.006600 -0.027900 0.108217 0.993736 0.107900 0.000000 0.000000 0.000000 1.000000
0.999691 -0.017112 0.018056 0.030900 0.018786 0.995107 -0.097003 11.006600 -0.016308 0.097313 0.995120 0.107900 0.000000 0.000000 0.000000 1.000000
0.998467 -0.055089 0.005395 0.030900 0.055349 0.994710 -0.086540 11.006600 -0.000599 0.086706 0.996234 0.107900 0.000000 0.000000 0.000000 1.000000
0.996690 -0.080532 -0.011165 0.030900 0.079368 0.993539 -0.081123 11.006600 0.017626 0.079969 0.996642 0.107900 0.000000 0.000000 0.000000 1.000000
0.995374 -0.092080 -0.027408 0.030900 0.089580 0.992631 -0.081606 11.006600 0.034720 0.078773 0.996288 0.107900 0.000000 0.000000 0.000000 1.000000
0.994706 -0.094933 -0.039330 0.030900 0.091272 0.992084 -0.086253 11.006600 0.047207 0.082207 0.995497 0.107900 0.000000 0.000000 0.000000 1.000000
0.994266 -0.096893 -0.045244 0.030900 0.092418 0.991435 -0.092276 11.006600 0.053798 0.087565 0.994705 0.107900 0.000000 0.000000 0.000000 1.000000
0.993719 -0.101818 -0.046420 0.030900 0.096966 0.990557 -0.096927 11.006600 0.055850 0.091817 0.994208 0.107900 0.000000 0.000000 0.000000 1.000000
0.993087 -0.107947 -0.046097 0.030900 0.103021 0.989798 -0.098421 11.006600 0.056251 0.092992 0.994077 0.107900 0.000000 0.000000 0.000000 1.000000
0.992653 -0.111144 -0.047815 0.030900 0.106120 0.989592 -0.097194 11.006600 0.058120 0.091405 0.994116 0.107900 0.000000 0.000000 0.000000 1.000000
0.992541 -0.109604 -0.053373 0.030900 0.104136 0.989895 -0.096245 11.006600 0.063383 0.089969 0.993926 0.107900 0.000000 0.000000 0.000000 1.000000
0.992594 -0.105539 -0.060151 0.030900 0.099300 0.990153 -0.098671 11.006600 0.069972 0.091967 0.993301 0.107900 0.000000 0.000000 0.000000 1.000000
0.992720 -0.101310 -0.065144 0.030900 0.094114 0.989968 -0.105382 11.006600 0.075166 0.098484 0.992296 0.107900 0.000000 0.000000 0.000000 1.000000
0.992681 -0.100395 -0.067129 0.030900 0.092306 0.989145 -0.114334 11.006600 0.077879 0.107301 0.991172 0.107900 0.000000 0.000000 0.000000 1.000000
0.993541 -0.093369 -0.064482 0.030900 0.085111 0.989033 -0.120709 11.006600 0.075045 0.114441 0.990591 0.107900 0.000000 0.000000 0.000000 1.000000
0.995700 -0.072786 -0.057305 0.030900 0.065428 0.990469 -0.121205 11.006600 0.065581 0.116935 0.990972 0.107900 0.000000 0.000000 0.000000 1.000000
0.998285 -0.033923 -0.047712 0.030900 0.028187 0.992834 -0.116132 11.006600 0.051309 0.114588 0.992087 0.107900 0.000000 0.000000 0.000000 1.000000
0.999224 0.012039 -0.037495 0.030900 -0.016076 0.993877 -0.109319 11.006600 0.035949 0.109837 0.993299 0.107900 0.000000 0.000000 0.000000 1.000000
0.998172 0.053707 -0.027728 0.030900 -0.056320 0.992963 -0.104173 11.006600 0.021938 0.105544 0.994173 0.107900 0.000000 0.000000 0.000000 1.000000
0.996146 0.085606 -0.019103 0.030900 -0.087118 0.990952 -0.102103 11.006600 0.010189 0.103374 0.994590 0.107900 0.000000 0.000000 0.000000 1.000000
0.994120 0.107590 -0.012266 0.030900 -0.108282 0.988768 -0.103016 11.006600 0.001044 0.103739 0.994604 0.107900 0.000000 0.000000 0.000000 1.000000
0.992571 0.121439 -0.007462 0.030900 -0.121541 0.986875 -0.106325 11.006600 -0.005548 0.106442 0.994303 0.107900 0.000000 0.000000 0.000000 1.000000
0.991820 0.127597 -0.003572 0.030900 -0.127202 0.985634 -0.111112 11.006600 -0.010657 0.110658 0.993801 0.107900 0.000000 0.000000 0.000000 1.000000
0.991867 0.127275 0.001330 0.030900 -0.126267 0.985216 -0.115782 11.006600 -0.016047 0.114672 0.993274 0.107900 0.000000 0.000000 0.000000 1.000000
0.992474 0.122126 0.009021 0.030900 -0.120210 0.985655 -0.118461 11.006600 -0.023359 0.116485 0.992918 0.107900 0.000000 0.000000 0.000000 1.000000
0.993366 0.113276 0.019828 0.030900 -0.110167 0.986831 -0.118443 11.006600 -0.032984 0.115473 0.992763 0.107900 0.000000 0.000000 0.000000 1.000000
0.993859 0.106877 0.028658 0.030900 -0.102871 0.987851 -0.116485 11.006600 -0.040759 0.112822 0.992779 0.107900 0.000000 0.000000 0.000000 1.000000
0.993871 0.105620 0.032629 0.030900 -0.101309 0.988364 -0.113463 11.006600 -0.044233 0.109462 0.993006 0.107900 0.000000 0.000000 0.000000 1.000000
0.993353 0.111011 0.030443 0.030900 -0.107027 0.988068 -0.110754 11.006600 -0.042375 0.106760 0.993381 0.107900 0.000000 0.000000 0.000000 1.000000
0.992093 0.123137 0.024254 0.030900 -0.119839 0.986864 -0.108347 11.006600 -0.037277 0.104584 0.993817 0.107900 0.000000 0.000000 0.000000 1.000000
0.991041 0.132466 0.017063 0.030900 -0.129990 0.985988 -0.104549 11.006600 -0.030673 0.101395 0.994373 0.107900 0.000000 0.000000 0.000000 1.000000
0.991066 0.132963 0.010432 0.030900 -0.131310 0.986455 -0.098311 11.006600 -0.023362 0.096063 0.995101 0.107900 0.000000 0.000000 0.000000 1.000000
0.992489 0.122274 0.003912 0.030900 -0.121430 0.988514 -0.089967 11.006600 -0.014868 0.088816 0.995937 0.107900 0.000000 0.000000 0.000000 1.000000
0.994989 0.099920 -0.003641 0.030900 -0.099885 0.991672 -0.081297 11.006600 -0.004512 0.081253 0.996683 0.107900 0.000000 0.000000 0.000000 1.000000
0.997440 0.070363 -0.012783 0.030900 -0.071124 0.994675 -0.074582 11.006600 0.007467 0.075300 0.997133 0.107900 0.000000 0.000000 0.000000 1.000000
0.998971 0.038963 -0.023221 0.030900 -0.040520 0.996661 -0.070886 11.006600 0.020381 0.071754 0.997214 0.107900 0.000000 0.000000 0.000000 1.000000
0.999336 0.007145 -0.035726 0.030900 -0.009613 0.997543 -0.069395 11.006600 0.035143 0.069692 0.996949 0.107900 0.000000 0.000000 0.000000 1.000000
0.998582 -0.016465 -0.050629 0.030900 0.013001 0.997601 -0.067998 11.006600 0.051627 0.067243 0.996400 0.107900 0.000000 0.000000 0.000000 1.000000
0.996714 -0.041400 -0.069624 0.030900 0.036853 0.997180 -0.065372 11.006600 0.072134 0.062592 0.995429 0.107900 0.000000 0.000000 0.000000 1.000000
0.993586 -0.065663 -0.092063 0.030900 0.060155 0.996300 -0.061386 11.006600 0.095753 0.055454 0.993859 0.107900 0.000000 0.000000 0.000000 1.000000
0.989442 -0.087511 -0.115528 0.030900 0.081440 0.995088 -0.056272 11.006600 0.119885 0.046270 0.991709 0.107900 0.000000 0.000000 0.000000 1.000000
0.983511 -0.114446 -0.140030 0.030900 0.108015 0.992750 -0.052725 11.006600 0.145049 0.036730 0.988742 0.107900 0.000000 0.000000 0.000000 1.000000</float_array><technique_common><accessor source="#Spine-Matrix-animation-output-transform-array" count="64" stride="16"><param type="float4x4"/></accessor></technique_common></source><source id="Spine-Interpolations"><Name_array id="Spine-Interpolations-array" count="64">
 LINEAR LINEAR LINEAR LINEAR LINEAR LINEAR LINEAR LINEAR LINEAR LINEAR LINEAR
LINEAR LINEAR LINEAR LINEAR LINEAR LINEAR LINEAR LINEAR LINEAR LINEAR LINEAR LINEAR
LINEAR LINEAR LINEAR LINEAR LINEAR LINEAR LINEAR LINEAR LINEAR LINEAR LINEAR LINEAR
LINEAR LINEAR LINEAR LINEAR LINEAR LINEAR LINEAR LINEAR LINEAR LINEAR LINEAR LINEAR
LINEAR LINEAR LINEAR LINEAR LINEAR LINEAR LINEAR LINEAR LINEAR LINEAR LINEAR LINEAR
LINEAR LINEAR LINEAR LINEAR LINEAR</Name_array><technique_common><accessor source="#Spine-Interpolations-array" count="64"><param type="name"/></accessor></technique_common></source><sampler id="Spine-Matrix-animation-transform"><input semantic="INPUT" source="#Spine-Matrix-animation-input"/><input semantic="OUTPUT" source="#Spine-Matrix-animation-output-transform"/><input semantic="INTERPOLATION" source="#Spine-Interpolations"/></sampler><channel source="#Spine-Matrix-animation-transform" target="Spine/matrix"/></animation>
    <animation id="Spine1-anim" name="Spine1"><source id="Spine1-Matrix-animation-input"><float_array id="Spine1-Matrix-animation-input-array" count="64">

0.000000 0.033333 0.066667 0.100000 0.133333 0.166667 0.200000 0.233333 0.266667 0.300000 0.333333 0.366667 0.400000 0.433333 0.466667 0.500000
0.533333 0.566667 0.600000 0.633333 0.666667 0.700000 0.733333 0.766667 0.800000 0.833333 0.866667 0.900000 0.933333 0.966667 1.000000 1.033333
1.066667 1.100000 1.133333 1.166667 1.200000 1.233333 1.266667 1.300000 1.333333 1.366667 1.400000 1.433333 1.466667 1.500000 1.533333 1.566667
1.600000 1.633333 1.666667 1.700000 1.733333 1.766667 1.800000 1.833333 1.866667 1.900000 1.933333 1.966667 2.000000 2.033333 2.066667 2.100000</float_array><technique_common><accessor source="#Spine1-Matrix-animation-input-array" count="64"><param name="TIME" type="float"/></accessor></technique_common></source><source id="Spine1-Matrix-animation-output-transform"><float_array id="Spine1-Matrix-animation-output-transform-array" count="1024">

0.952986 -0.117179 -0.279441 0.037200 0.096138 0.991479 -0.087898 11.271000 0.287360 0.056901 0.956131 0.102300 0.000000 0.000000 0.000000 1.000000
0.965128 -0.125802 -0.229568 0.037200 0.117434 0.991831 -0.049810 11.271000 0.233958 0.021114 0.972017 0.102300 0.000000 0.000000 0.000000 1.000000
0.972008 -0.124841 -0.199035 0.037200 0.120362 0.992131 -0.034496 11.271000 0.201776 0.009574 0.979385 0.102300 0.000000 0.000000 0.000000 1.000000
0.976327 -0.108542 -0.187094 0.037200 0.103649 0.993971 -0.035766 11.271000 0.189848 0.015528 0.981691 0.102300 0.000000 0.000000 0.000000 1.000000
0.979380 -0.073902 -0.188027 0.037200 0.066248 0.996711 -0.046680 11.271000 0.190858 0.033261 0.981054 0.102300 0.000000 0.000000 0.000000 1.000000
0.981478 -0.025024 -0.189936 0.037200 0.013974 0.998143 -0.059292 11.271000 0.191067 0.055539 0.980005 0.102300 0.000000 0.000000 0.000000 1.000000
0.982689 0.028755 -0.183017 0.037200 -0.042461 0.996542 -0.071417 11.271000 0.180330 0.077952 0.980512 0.102300 0.000000 0.000000 0.000000 1.000000
0.983489 0.077632 -0.163473 0.037200 -0.092529 0.992026 -0.085569 11.271000 0.155527 0.099282 0.982830 0.102300 0.000000 0.000000 0.000000 1.000000
0.984465 0.115077 -0.132609 0.037200 -0.129379 0.986041 -0.104805 11.271000 0.118698 0.120334 0.985612 0.102300 0.000000 0.000000 0.000000 1.000000
0.985679 0.139647 -0.094534 0.037200 -0.151291 0.979913 -0.129927 11.271000 0.074491 0.142369 0.987007 0.102300 0.000000 0.000000 0.000000 1.000000
0.986651 0.153536 -0.054289 0.037200 -0.160353 0.974113 -0.159343 11.271000 0.028419 0.165921 0.985729 0.102300 0.000000 0.000000 0.000000 1.000000
0.986955 0.160172 -0.016251 0.037200 -0.160331 0.968724 -0.189387 11.271000 -0.014592 0.189522 0.981768 0.102300 0.000000 0.000000 0.000000 1.000000
0.986667 0.161739 0.018137 0.037200 -0.154145 0.964422 -0.214777 11.271000 -0.052230 0.209117 0.976495 0.102300 0.000000 0.000000 0.000000 1.000000
0.986035 0.158389 0.051464 0.037200 -0.142593 0.962577 -0.230460 11.271000 -0.086040 0.219904 0.971720 0.102300 0.000000 0.000000 0.000000 1.000000
0.984907 0.149591 0.087072 0.037200 -0.125696 0.963991 -0.234353 11.271000 -0.118994 0.219871 0.968244 0.102300 0.000000 0.000000 0.000000 1.000000
0.982897 0.136262 0.123879 0.037200 -0.105309 0.967734 -0.228914 11.271000 -0.151074 0.211954 0.965532 0.102300 0.000000 0.000000 0.000000 1.000000
0.980649 0.121522 0.153493 0.037200 -0.085905 0.971618 -0.220405 11.271000 -0.175920 0.202954 0.963256 0.102300 0.000000 0.000000 0.000000 1.000000
0.980223 0.108918 0.165229 0.037200 -0.071960 0.973936 -0.215106 11.271000 -0.184351 0.198962 0.962512 0.102300 0.000000 0.000000 0.000000 1.000000
0.982917 0.098121 0.155710 0.037200 -0.063154 0.974479 -0.215412 11.271000 -0.172872 0.201899 0.964029 0.102300 0.000000 0.000000 0.000000 1.000000
0.987665 0.083179 0.132660 0.037200 -0.052704 0.974397 -0.218571 11.271000 -0.147444 0.208883 0.966762 0.102300 0.000000 0.000000 0.000000 1.000000
0.992430 0.055917 0.109343 0.037200 -0.030761 0.975132 -0.219478 11.271000 -0.118896 0.214453 0.969471 0.102300 0.000000 0.000000 0.000000 1.000000
0.995603 0.012850 0.092785 0.037200 0.007307 0.976872 -0.213700 11.271000 -0.093386 0.213439 0.972483 0.102300 0.000000 0.000000 0.000000 1.000000
0.995973 -0.041592 0.079417 0.037200 0.056767 0.978231 -0.199603 11.271000 -0.069387 0.203307 0.976653 0.102300 0.000000 0.000000 0.000000 1.000000
0.993478 -0.096921 0.060058 0.037200 0.106309 0.977794 -0.180600 11.271000 -0.041220 0.185807 0.981721 0.102300 0.000000 0.000000 0.000000 1.000000
0.989315 -0.142720 0.029793 0.037200 0.145688 0.975590 -0.164311 11.271000 -0.005616 0.166896 0.985958 0.102300 0.000000 0.000000 0.000000 1.000000
0.984666 -0.174283 -0.007606 0.037200 0.170950 0.972688 -0.157019 11.271000 0.034764 0.153311 0.987566 0.102300 0.000000 0.000000 0.000000 1.000000
0.980248 -0.192881 -0.043717 0.037200 0.183691 0.969847 -0.160170 11.271000 0.073292 0.148976 0.986121 0.102300 0.000000 0.000000 0.000000 1.000000
0.976620 -0.202764 -0.071419 0.037200 0.188341 0.967196 -0.170470 11.271000 0.103641 0.153033 0.982771 0.102300 0.000000 0.000000 0.000000 1.000000
0.974194 -0.207382 -0.089095 0.037200 0.188769 0.964990 -0.182101 11.271000 0.123740 0.160583 0.979235 0.102300 0.000000 0.000000 0.000000 1.000000
0.973002 -0.207817 -0.100400 0.037200 0.186344 0.964031 -0.189529 11.271000 0.136176 0.165703 0.976729 0.102300 0.000000 0.000000 0.000000 1.000000
0.972716 -0.203529 -0.111350 0.037200 0.180204 0.965127 -0.189885 11.271000 0.146114 0.164638 0.975472 0.102300 0.000000 0.000000 0.000000 1.000000
0.972818 -0.194015 -0.126425 0.037200 0.169064 0.968126 -0.184798 11.271000 0.158249 0.158401 0.974611 0.102300 0.000000 0.000000 0.000000 1.000000
0.972850 -0.180026 -0.145439 0.037200 0.152905 0.971709 -0.180003 11.271000 0.173730 0.152877 0.972855 0.102300 0.000000 0.000000 0.000000 1.000000
0.972908 -0.162851 -0.164104 0.037200 0.132535 0.974461 -0.181271 11.271000 0.189433 0.154610 0.969645 0.102300 0.000000 0.000000 0.000000 1.000000
0.973821 -0.142866 -0.176811 0.037200 0.108558 0.975675 -0.190458 11.271000 0.199720 0.166277 0.965642 0.102300 0.000000 0.000000 0.000000 1.000000
0.976560 -0.118209 -0.179881 0.037200 0.080602 0.975727 -0.203616 11.271000 0.199583 0.184345 0.962384 0.102300 0.000000 0.000000 0.000000 1.000000
0.981211 -0.085378 -0.173020 0.037200 0.047290 0.975832 -0.213345 11.271000 0.187054 0.201154 0.961534 0.102300 0.000000 0.000000 0.000000 1.000000
0.986533 -0.041622 -0.158178 0.037200 0.006852 0.976749 -0.214279 11.271000 0.163419 0.210309 0.963880 0.102300 0.000000 0.000000 0.000000 1.000000
0.990366 0.012642 -0.137898 0.037200 -0.041248 0.977551 -0.206622 11.271000 0.132190 0.210319 0.968655 0.102300 0.000000 0.000000 0.000000 1.000000
0.990804 0.072773 -0.114071 0.037200 -0.094229 0.976119 -0.195737 11.271000 0.097102 0.204686 0.973999 0.102300 0.000000 0.000000 0.000000 1.000000
0.987393 0.131470 -0.088157 0.037200 -0.146084 0.971308 -0.187671 11.271000 0.060954 0.198183 0.978268 0.102300 0.000000 0.000000 0.000000 1.000000
0.981381 0.181688 -0.062292 0.037200 -0.190260 0.964005 -0.185728 11.271000 0.026306 0.194121 0.980625 0.102300 0.000000 0.000000 0.000000 1.000000
0.974876 0.219183 -0.039686 0.037200 -0.222717 0.956209 -0.189897 11.271000 -0.003674 0.193965 0.981002 0.102300 0.000000 0.000000 0.000000 1.000000
0.969744 0.243047 -0.022907 0.037200 -0.242678 0.949554 -0.198630 11.271000 -0.026525 0.198180 0.979807 0.102300 0.000000 0.000000 0.000000 1.000000
0.967056 0.254297 -0.011634 0.037200 -0.251005 0.944927 -0.210023 11.271000 -0.042415 0.206024 0.977627 0.102300 0.000000 0.000000 0.000000 1.000000
0.967017 0.254703 -0.002121 0.037200 -0.248831 0.942878 -0.221505 11.271000 -0.054418 0.214726 0.975157 0.102300 0.000000 0.000000 0.000000 1.000000
0.969088 0.246489 0.010524 0.037200 -0.237565 0.943812 -0.229743 11.271000 -0.066562 0.220141 0.973194 0.102300 0.000000 0.000000 0.000000 1.000000
0.972112 0.232835 0.028028 0.037200 -0.220215 0.947384 -0.232311 11.271000 -0.080643 0.219660 0.972238 0.102300 0.000000 0.000000 0.000000 1.000000
0.974841 0.217818 0.047340 0.037200 -0.201665 0.952312 -0.228983 11.271000 -0.094959 0.213675 0.972279 0.102300 0.000000 0.000000 0.000000 1.000000
0.976646 0.205529 0.062615 0.037200 -0.187201 0.957028 -0.221480 11.271000 -0.105445 0.204586 0.973153 0.102300 0.000000 0.000000 0.000000 1.000000
0.977641 0.198565 0.069207 0.037200 -0.179954 0.960302 -0.213158 11.271000 -0.108786 0.195938 0.974564 0.102300 0.000000 0.000000 0.000000 1.000000
0.978618 0.194673 0.066396 0.037200 -0.177539 0.962478 -0.205222 11.271000 -0.103856 0.189046 0.976461 0.102300 0.000000 0.000000 0.000000 1.000000
0.980635 0.187600 0.056233 0.037200 -0.173392 0.965137 -0.196075 11.271000 -0.091056 0.182527 0.978975 0.102300 0.000000 0.000000 0.000000 1.000000
0.984381 0.171200 0.041052 0.037200 -0.160953 0.969627 -0.184167 11.271000 -0.071334 0.174683 0.982037 0.102300 0.000000 0.000000 0.000000 1.000000
0.989422 0.143362 0.022168 0.037200 -0.137580 0.975799 -0.169963 11.271000 -0.045998 0.165116 0.985201 0.102300 0.000000 0.000000 0.000000 1.000000
0.994242 0.107153 0.000515 0.037200 -0.105766 0.982118 -0.155747 11.271000 -0.017194 0.154796 0.987797 0.102300 0.000000 0.000000 0.000000 1.000000
0.997375 0.068749 -0.022721 0.037200 -0.071312 0.987041 -0.143750 11.271000 0.012543 0.144993 0.989353 0.102300 0.000000 0.000000 0.000000 1.000000
0.998329 0.033727 -0.046929 0.037200 -0.039767 0.990130 -0.134394 11.271000 0.041934 0.136036 0.989816 0.102300 0.000000 0.000000 0.000000 1.000000
0.997284 0.003751 -0.073556 0.037200 -0.013076 0.991855 -0.126700 11.271000 0.072481 0.127318 0.989210 0.102300 0.000000 0.000000 0.000000 1.000000
0.994201 -0.021502 -0.105371 0.037200 0.008815 0.992805 -0.119418 11.271000 0.107180 0.117796 0.987237 0.102300 0.000000 0.000000 0.000000 1.000000
0.988539 -0.045178 -0.144050 0.037200 0.029113 0.993311 -0.111740 11.271000 0.148135 0.106266 0.983241 0.102300 0.000000 0.000000 0.000000 1.000000
0.979702 -0.069057 -0.188187 0.037200 0.050095 0.993344 -0.103726 11.271000 0.194097 0.092193 0.976641 0.102300 0.000000 0.000000 0.000000 1.000000
0.967643 -0.093257 -0.234458 0.037200 0.072550 0.992786 -0.095460 11.271000 0.241669 0.075361 0.967428 0.102300 0.000000 0.000000 0.000000 1.000000
0.952986 -0.117179 -0.279441 0.037200 0.096138 0.991479 -0.087898 11.271000 0.287360 0.056901 0.956131 0.102300 0.000000 0.000000 0.000000 1.000000</float_array><technique_common><accessor source="#Spine1-Matrix-animation-output-transform-array" count="64" stride="16"><param type="float4x4"/></accessor></technique_common></source><source id="Spine1-Interpolations"><Name_array id="Spine1-Interpolations-array" count="64">
 LINEAR LINEAR LINEAR LINEAR LINEAR LINEAR LINEAR LINEAR LINEAR LINEAR LINEAR
LINEAR LINEAR LINEAR LINEAR LINEAR LINEAR LINEAR LINEAR LINEAR LINEAR LINEAR LINEAR
LINEAR LINEAR LINEAR LINEAR LINEAR LINEAR LINEAR LINEAR LINEAR LINEAR LINEAR LINEAR
LINEAR LINEAR LINEAR LINEAR LINEAR LINEAR LINEAR LINEAR LINEAR LINEAR LINEAR LINEAR
LINEAR LINEAR LINEAR LINEAR LINEAR LINEAR LINEAR LINEAR LINEAR LINEAR LINEAR LINEAR
LINEAR LINEAR LINEAR LINEAR LINEAR</Name_array><technique_common><accessor source="#Spine1-Interpolations-array" count="64"><param type="name"/></accessor></technique_common></source><sampler id="Spine1-Matrix-animation-transform"><input semantic="INPUT" source="#Spine1-Matrix-animation-input"/><input semantic="OUTPUT" source="#Spine1-Matrix-animation-output-transform"/><input semantic="INTERPOLATION" source="#Spine1-Interpolations"/></sampler><channel source="#Spine1-Matrix-animation-transform" target="Spine1/matrix"/></animation>
    <animation id="Spine2-anim" name="Spine2"><source id="Spine2-Matrix-animation-input"><float_array id="Spine2-Matrix-animation-input-array" count="64">

0.000000 0.033333 0.066667 0.100000 0.133333 0.166667 0.200000 0.233333 0.266667 0.300000 0.333333 0.366667 0.400000 0.433333 0.466667 0.500000
0.533333 0.566667 0.600000 0.633333 0.666667 0.700000 0.733333 0.766667 0.800000 0.833333 0.866667 0.900000 0.933333 0.966667 1.000000 1.033333
1.066667 1.100000 1.133333 1.166667 1.200000 1.233333 1.266667 1.300000 1.333333 1.366667 1.400000 1.433333 1.466667 1.500000 1.533333 1.566667
1.600000 1.633333 1.666667 1.700000 1.733333 1.766667 1.800000 1.833333 1.866667 1.900000 1.933333 1.966667 2.000000 2.033333 2.066667 2.100000</float_array><technique_common><accessor source="#Spine2-Matrix-animation-input-array" count="64"><param name="TIME" type="float"/></accessor></technique_common></source><source id="Spine2-Matrix-animation-output-transform"><float_array id="Spine2-Matrix-animation-output-transform-array" count="1024">

0.953175 -0.113975 -0.280121 0.042500 0.092123 0.991670 -0.090022 10.833500 0.288048 0.060002 0.955734 0.116900 0.000000 0.000000 0.000000 1.000000
0.965200 -0.123854 -0.230322 0.042500 0.115021 0.992030 -0.051443 10.833500 0.234858 0.023161 0.971754 0.116900 0.000000 0.000000 0.000000 1.000000
0.972047 -0.123506 -0.199676 0.042500 0.118706 0.992281 -0.035884 10.833500 0.202567 0.011178 0.979205 0.116900 0.000000 0.000000 0.000000 1.000000
0.976371 -0.107524 -0.187455 0.042500 0.102351 0.994057 -0.037089 10.833500 0.190329 0.017026 0.981573 0.116900 0.000000 0.000000 0.000000 1.000000
0.979430 -0.073156 -0.188055 0.042500 0.065248 0.996718 -0.047913 10.833500 0.190942 0.034658 0.980989 0.116900 0.000000 0.000000 0.000000 1.000000
0.981516 -0.024599 -0.189790 0.042500 0.013377 0.998098 -0.060183 10.833500 0.190910 0.056532 0.979978 0.116900 0.000000 0.000000 0.000000 1.000000
0.982696 0.028919 -0.182953 0.042500 -0.042677 0.996512 -0.071715 10.833500 0.180241 0.078282 0.980502 0.116900 0.000000 0.000000 0.000000 1.000000
0.983457 0.077714 -0.163627 0.042500 -0.092580 0.992047 -0.085271 10.833500 0.155699 0.099009 0.982830 0.116900 0.000000 0.000000 0.000000 1.000000
0.984410 0.115224 -0.132891 0.042500 -0.129490 0.986089 -0.104216 10.833500 0.119034 0.119800 0.985636 0.116900 0.000000 0.000000 0.000000 1.000000
0.985632 0.139848 -0.094724 0.042500 -0.151481 0.979949 -0.129437 10.833500 0.074724 0.141926 0.987053 0.116900 0.000000 0.000000 0.000000 1.000000
0.986632 0.153692 -0.054196 0.042500 -0.160485 0.974124 -0.159146 10.833500 0.028334 0.165716 0.985766 0.116900 0.000000 0.000000 0.000000 1.000000
0.986952 0.160228 -0.015866 0.042500 -0.160314 0.968724 -0.189404 10.833500 -0.014978 0.189476 0.981771 0.116900 0.000000 0.000000 0.000000 1.000000
0.986655 0.161754 0.018647 0.042500 -0.154050 0.964427 -0.214822 10.833500 -0.052732 0.209083 0.976475 0.116900 0.000000 0.000000 0.000000 1.000000
0.986006 0.158419 0.051926 0.042500 -0.142522 0.962594 -0.230433 10.833500 -0.086488 0.219808 0.971702 0.116900 0.000000 0.000000 0.000000 1.000000
0.984883 0.149527 0.087450 0.042500 -0.125558 0.964026 -0.234284 10.833500 -0.119336 0.219763 0.968227 0.116900 0.000000 0.000000 0.000000 1.000000
0.982911 0.135773 0.124301 0.042500 -0.104738 0.967798 -0.228904 10.833500 -0.151377 0.211974 0.965480 0.116900 0.000000 0.000000 0.000000 1.000000
0.980700 0.120269 0.154151 0.042500 -0.084509 0.971721 -0.220493 10.833500 -0.176310 0.203210 0.963131 0.116900 0.000000 0.000000 0.000000 1.000000
0.980289 0.106916 0.166140 0.042500 -0.069751 0.974059 -0.215276 10.833500 -0.184847 0.199444 0.962317 0.116900 0.000000 0.000000 0.000000 1.000000
0.982990 0.095767 0.156711 0.042500 -0.060572 0.974593 -0.215635 10.833500 -0.173381 0.202475 0.963817 0.116900 0.000000 0.000000 0.000000 1.000000
0.987735 0.080990 0.133489 0.042500 -0.050336 0.974476 -0.218777 10.833500 -0.147801 0.209375 0.966601 0.116900 0.000000 0.000000 0.000000 1.000000
0.992476 0.054189 0.109798 0.042500 -0.028952 0.975164 -0.219581 10.833500 -0.118970 0.214750 0.969396 0.116900 0.000000 0.000000 0.000000 1.000000
