<?xml version="1.0" encoding="utf-8"?>
<COLLADA xmlns="http://www.collada.org/2005/11/COLLADASchema" version="1.4.1">
  <asset><contributor><author>Mixamo</author><authoring_tool>COLLADA Mixamo exporter</authoring_tool><comments></comments></contributor><created>2020-05-23T15:45:54Z</created><modified>2020-05-23T15:45:54Z</modified><revision></revision><title></title><unit meter="0.010000"/><up_axis>Y_UP</up_axis></asset>
  <library_animations>
    <animation id="Hips-anim" name="Hips"><source id="Hips-Matrix-animation-input"><float_array id="Hips-Matrix-animation-input-array" count="27">

0.000000 0.033333 0.066667 0.100000 0.133333 0.166667 0.200000 0.233333 0.266667 0.300000 0.333333 0.366667 0.400000 0.433333 0.466667 0.500000
0.533333 0.566667 0.600000 0.633333 0.666667 0.700000 0.733333 0.766667 0.800000 0.833333 0.866667</float_array><technique_common><accessor source="#Hips-Matrix-animation-input-array" count="27"><param name="TIME" type="float"/></accessor></technique_common></source><source id="Hips-Matrix-animation-output-transform"><float_array id="Hips-Matrix-animation-output-transform-array" count="432">

0.876261 -0.039037 -0.480253 0.862059 -0.028111 0.990873 -0.131834 97.366753 0.481017 0.129022 0.867166 -1.858528 0.000000 0.000000 0.000000 1.000000
0.886695 -0.036272 -0.460930 0.826299 -0.031489 0.989866 -0.138471 97.076546 0.461282 0.137296 0.876567 -2.075264 0.000000 0.000000 0.000000 1.000000
0.910422 -0.030559 -0.412551 0.694063 -0.032600 0.988867 -0.145190 96.782661 0.412395 0.145633 0.899289 -2.130126 0.000000 0.000000 0.000000 1.000000
0.954805 -0.018291 -0.296670 0.274497 -0.028199 0.988028 -0.151675 96.529587 0.295892 0.153186 0.942858 -1.811640 0.000000 0.000000 0.000000 1.000000
0.994230 0.000060 -0.107267 -0.463780 -0.016804 0.987739 -0.155206 96.344543 0.105943 0.156113 0.982041 -1.116669 0.000000 0.000000 0.000000 1.000000
0.995594 0.018025 0.092021 -1.108686 -0.003725 0.988178 -0.153266 96.086044 -0.093695 0.152248 0.983891 -0.372534 0.000000 0.000000 0.000000 1.000000
0.964504 0.030586 0.262290 -1.531866 0.008369 0.989230 -0.146129 95.670486 -0.263934 0.143137 0.953861 0.213132 0.000000 0.000000 0.000000 1.000000
0.926493 0.034235 0.374752 -1.734795 0.018283 0.990582 -0.135695 95.218079 -0.375868 0.132572 0.917141 0.518537 0.000000 0.000000 0.000000 1.000000
0.904163 0.029355 0.426178 -1.790669 0.026445 0.991877 -0.124424 94.937805 -0.426369 0.123770 0.896042 0.561168 0.000000 0.000000 0.000000 1.000000
0.899773 0.020420 0.435881 -1.776358 0.032933 0.992878 -0.114497 94.905106 -0.435114 0.117376 0.892692 0.477091 0.000000 0.000000 0.000000 1.000000
0.902344 0.012989 0.430820 -1.761368 0.036706 0.993599 -0.106837 95.007614 -0.429450 0.112217 0.896091 0.428694 0.000000 0.000000 0.000000 1.000000
0.903508 0.010813 0.428436 -1.780665 0.036334 0.994150 -0.101713 95.133484 -0.427029 0.107465 0.897829 0.532266 0.000000 0.000000 0.000000 1.000000
0.903837 0.014385 0.427635 -1.780424 0.031460 0.994495 -0.099946 95.272850 -0.426719 0.103789 0.898409 0.809472 0.000000 0.000000 0.000000 1.000000
0.909432 0.021104 0.415318 -1.642933 0.023449 0.994520 -0.101882 95.461311 -0.415192 0.102393 0.903953 1.159981 0.000000 0.000000 0.000000 1.000000
0.924611 0.026722 0.379974 -1.285332 0.014891 0.994238 -0.106154 95.707359 -0.380622 0.103809 0.918886 1.423742 0.000000 0.000000 0.000000 1.000000
0.947218 0.027803 0.319384 -0.729102 0.008246 0.993790 -0.110966 96.013275 -0.320486 0.107743 0.941106 1.520047 0.000000 0.000000 0.000000 1.000000
0.970691 0.023997 0.239131 -0.087107 0.003971 0.993266 -0.115792 96.395615 -0.240299 0.113348 0.964059 1.494466 0.000000 0.000000 0.000000 1.000000
0.988897 0.018031 0.147503 0.506270 -0.000072 0.992669 -0.120868 96.844559 -0.148601 0.119515 0.981648 1.432346 0.000000 0.000000 0.000000 1.000000
0.998530 0.012352 0.052776 0.947226 -0.005636 0.992069 -0.125564 97.305618 -0.053908 0.125082 0.990681 1.377604 0.000000 0.000000 0.000000 1.000000
0.999273 0.006176 -0.037627 1.173240 -0.010947 0.991719 -0.127961 97.678543 0.036525 0.128280 0.991065 1.313155 0.000000 0.000000 0.000000 1.000000
0.992850 -0.001699 -0.119360 1.211899 -0.013482 0.991905 -0.126264 97.895416 0.118608 0.126970 0.984790 1.193111 0.000000 0.000000 0.000000 1.000000
0.980898 -0.011682 -0.194169 1.107648 -0.012156 0.992563 -0.121125 97.916245 0.194140 0.121172 0.973461 0.909792 0.000000 0.000000 0.000000 1.000000
0.962606 -0.020717 -0.270113 1.011890 -0.011256 0.993152 -0.116284 97.904190 0.270672 0.114976 0.955781 0.454598 0.000000 0.000000 0.000000 1.000000
0.934619 -0.028559 -0.354503 0.933545 -0.013492 0.993206 -0.115582 97.884544 0.355396 0.112808 0.927884 -0.209533 0.000000 0.000000 0.000000 1.000000
0.895367 -0.036682 -0.443816 0.862865 -0.018468 0.992686 -0.119304 97.844032 0.444946 0.115018 0.888141 -1.010849 0.000000 0.000000 0.000000 1.000000
0.880761 -0.038896 -0.471960 0.852494 -0.023367 0.991838 -0.125348 97.630608 0.472983 0.121430 0.872663 -1.486749 0.000000 0.000000 0.000000 1.000000
0.876261 -0.039037 -0.480253 0.862060 -0.028112 0.990873 -0.131834 97.366791 0.481016 0.129022 0.867166 -1.858523 0.000000 0.000000 0.000000 1.000000</float_array><technique_common><accessor source="#Hips-Matrix-animation-output-transform-array" count="27" stride="16"><param type="float4x4"/></accessor></technique_common></source><source id="Hips-Interpolations"><Name_array id="Hips-Interpolations-array" count="27">
 LINEAR LINEAR LINEAR LINEAR LINEAR LINEAR LINEAR LINEAR LINEAR LINEAR LINEAR
LINEAR LINEAR LINEAR LINEAR LINEAR LINEAR LINEAR LINEAR LINEAR LINEAR LINEAR LINEAR
LINEAR LINEAR LINEAR LINEAR</Name_array><technique_common><accessor source="#Hips-Interpolations-array" count="27"><param type="name"/></accessor></technique_common></source><sampler id="Hips-Matrix-animation-transform"><input semantic="INPUT" source="#Hips-Matrix-animation-input"/><input semantic="OUTPUT" source="#Hips-Matrix-animation-output-transform"/><input semantic="INTERPOLATION" source="#Hips-Interpolations"/></sampler><channel source="#Hips-Matrix-animation-transform" target="Hips/matrix"/></animation>
    <animation id="Spine-anim" name="Spine"><source id="Spine-Matrix-animation-input"><float_array id="Spine-Matrix-animation-input-array" count="27">

0.000000 0.033333 0.066667 0.100000 0.133333 0.166667 0.200000 0.233333 0.266667 0.300000 0.333333 0.366667 0.400000 0.433333 0.466667 0.500000
0.533333 0.566667 0.600000 0.633333 0.666667 0.700000 0.733333 0.766667 0.800000 0.833333 0.866667</float_array><technique_common><accessor source="#Spine-Matrix-animation-input-array" count="27"><param name="TIME" type="float"/></accessor></technique_common></source><source id="Spine-Matrix-animation-output-transform"><float_array id="Spine-Matrix-animation-output-transform-array" count="432">

0.999900 0.009633 -0.010310 0.030900 -0.009919 0.999559 -0.027992 11.006600 0.010036 0.028091 0.999555 0.107900 0.000000 0.000000 0.000000 1.000000
0.999862 0.007364 -0.014923 0.030900 -0.007796 0.999546 -0.029097 11.006600 0.014702 0.029209 0.999465 0.107900 0.000000 0.000000 0.000000 1.000000
0.999821 0.002085 -0.018807 0.030900 -0.002651 0.999542 -0.030150 11.006600 0.018735 0.030195 0.999368 0.107900 0.000000 0.000000 0.000000 1.000000
0.999728 -0.009995 -0.021049 0.030900 0.009361 0.999506 -0.029990 11.006600 0.021338 0.029785 0.999329 0.107900 0.000000 0.000000 0.000000 1.000000
0.999414 -0.028776 -0.018540 0.030900 0.028265 0.999229 -0.027256 11.006600 0.019310 0.026716 0.999457 0.107900 0.000000 0.000000 0.000000 1.000000
0.998859 -0.046435 -0.011161 0.030900 0.046164 0.998661 -0.023368 11.006600 0.012231 0.022826 0.999665 0.107900 0.000000 0.000000 0.000000 1.000000
0.998258 -0.059005 -0.000273 0.030900 0.058988 0.998065 -0.019654 11.006600 0.001432 0.019604 0.999807 0.107900 0.000000 0.000000 0.000000 1.000000
0.997796 -0.065267 0.011995 0.030900 0.065468 0.997707 -0.017155 11.006600 -0.010848 0.017902 0.999781 0.107900 0.000000 0.000000 0.000000 1.000000
0.997497 -0.066766 0.023275 0.030900 0.067152 0.997611 -0.016206 11.006600 -0.022137 0.017728 0.999598 0.107900 0.000000 0.000000 0.000000 1.000000
0.997288 -0.066323 0.031896 0.030900 0.066876 0.997623 -0.016623 11.006600 -0.030717 0.018711 0.999353 0.107900 0.000000 0.000000 0.000000 1.000000
0.997163 -0.065353 0.037354 0.030900 0.066062 0.997652 -0.018058 11.006600 -0.036086 0.020475 0.999139 0.107900 0.000000 0.000000 0.000000 1.000000
0.997176 -0.063886 0.039480 0.030900 0.064708 0.997706 -0.019887 11.006600 -0.038119 0.022386 0.999022 0.107900 0.000000 0.000000 0.000000 1.000000
0.997360 -0.061781 0.038156 0.030900 0.062622 0.997811 -0.021248 11.006600 -0.036760 0.023582 0.999046 0.107900 0.000000 0.000000 0.000000 1.000000
0.997652 -0.059444 0.034006 0.030900 0.060201 0.997951 -0.021688 11.006600 -0.032647 0.023685 0.999186 0.107900 0.000000 0.000000 0.000000 1.000000
0.997960 -0.056977 0.028795 0.030900 0.057612 0.998103 -0.021716 11.006600 -0.027503 0.023330 0.999349 0.107900 0.000000 0.000000 0.000000 1.000000
0.998275 -0.053433 0.024314 0.030900 0.053977 0.998293 -0.022316 11.006600 -0.023080 0.023590 0.999455 0.107900 0.000000 0.000000 0.000000 1.000000
0.998627 -0.047960 0.021088 0.030900 0.048458 0.998541 -0.023809 11.006600 -0.019915 0.024798 0.999494 0.107900 0.000000 0.000000 0.000000 1.000000
0.998972 -0.041425 0.018432 0.030900 0.041887 0.998799 -0.025412 11.006600 -0.017357 0.026158 0.999507 0.107900 0.000000 0.000000 0.000000 1.000000
0.999264 -0.035158 0.015318 0.030900 0.035550 0.999025 -0.026161 11.006600 -0.014384 0.026687 0.999540 0.107900 0.000000 0.000000 0.000000 1.000000
0.999524 -0.028658 0.011444 0.030900 0.028947 0.999245 -0.025897 11.006600 -0.010693 0.026216 0.999599 0.107900 0.000000 0.000000 0.000000 1.000000
0.999736 -0.021629 0.007735 0.030900 0.021817 0.999446 -0.025135 11.006600 -0.007187 0.025297 0.999654 0.107900 0.000000 0.000000 0.000000 1.000000
0.999899 -0.013214 0.005199 0.030900 0.013338 0.999608 -0.024606 11.006600 -0.004871 0.024672 0.999684 0.107900 0.000000 0.000000 0.000000 1.000000
0.999978 -0.005398 0.003740 0.030900 0.005488 0.999680 -0.024680 11.006600 -0.003605 0.024700 0.999688 0.107900 0.000000 0.000000 0.000000 1.000000
0.999997 0.001274 0.002028 0.030900 -0.001223 0.999680 -0.025278 11.006600 -0.002060 0.025276 0.999678 0.107900 0.000000 0.000000 0.000000 1.000000
0.999971 0.007625 -0.000682 0.030900 -0.007640 0.999628 -0.026186 11.006600 0.000482 0.026190 0.999657 0.107900 0.000000 0.000000 0.000000 1.000000
0.999942 0.009340 -0.005384 0.030900 -0.009482 0.999588 -0.027080 11.006600 0.005129 0.027129 0.999619 0.107900 0.000000 0.000000 0.000000 1.000000
0.999900 0.009633 -0.010310 0.030900 -0.009919 0.999559 -0.027992 11.006600 0.010036 0.028091 0.999555 0.107900 0.000000 0.000000 0.000000 1.000000</float_array><technique_common><accessor source="#Spine-Matrix-animation-output-transform-array" count="27" stride="16"><param type="float4x4"/></accessor></technique_common></source><source id="Spine-Interpolations"><Name_array id="Spine-Interpolations-array" count="27">
 LINEAR LINEAR LINEAR LINEAR LINEAR LINEAR LINEAR LINEAR LINEAR LINEAR LINEAR
LINEAR LINEAR LINEAR LINEAR LINEAR LINEAR LINEAR LINEAR LINEAR LINEAR LINEAR LINEAR
LINEAR LINEAR LINEAR LINEAR</Name_array><technique_common><accessor source="#Spine-Interpolations-array" count="27"><param type="name"/></accessor></technique_common></source><sampler id="Spine-Matrix-animation-transform"><input semantic="INPUT" source="#Spine-Matrix-animation-input"/><input semantic="OUTPUT" source="#Spine-Matrix-animation-output-transform"/><input semantic="INTERPOLATION" source="#Spine-Interpolations"/></sampler><channel source="#Spine-Matrix-animation-transform" target="Spine/matrix"/></animation>
    <animation id="Spine1-anim" name="Spine1"><source id="Spine1-Matrix-animation-input"><float_array id="Spine1-Matrix-animation-input-array" count="27">

0.000000 0.033333 0.066667 0.100000 0.133333 0.166667 0.200000 0.233333 0.266667 0.300000 0.333333 0.366667 0.400000 0.433333 0.466667 0.500000
0.533333 0.566667 0.600000 0.633333 0.666667 0.700000 0.733333 0.766667 0.800000 0.833333 0.866667</float_array><technique_common><accessor source="#Spine1-Matrix-animation-input-array" count="27"><param name="TIME" type="float"/></accessor></technique_common></source><source id="Spine1-Matrix-animation-output-transform"><float_array id="Spine1-Matrix-animation-output-transform-array" count="432">

0.999900 -0.011643 -0.007976 0.037200 0.011198 0.998493 -0.053728 11.271000 0.008590 0.053633 0.998524 0.102300 0.000000 0.000000 0.000000 1.000000
0.999752 -0.014784 -0.016647 0.037200 0.013827 0.998324 -0.056197 11.271000 0.017450 0.055953 0.998281 0.102300 0.000000 0.000000 0.000000 1.000000
0.999533 -0.018568 -0.024259 0.037200 0.017137 0.998175 -0.057909 11.271000 0.025290 0.057466 0.998027 0.102300 0.000000 0.000000 0.000000 1.000000
0.999331 -0.023736 -0.027840 0.037200 0.022117 0.998124 -0.057097 11.271000 0.029143 0.056443 0.997980 0.102300 0.000000 0.000000 0.000000 1.000000
0.999243 -0.031059 -0.023446 0.037200 0.029790 0.998166 -0.052695 11.271000 0.025040 0.051957 0.998335 0.102300 0.000000 0.000000 0.000000 1.000000
0.999152 -0.039651 -0.011063 0.037200 0.039090 0.998130 -0.047004 11.271000 0.012906 0.046532 0.998833 0.102300 0.000000 0.000000 0.000000 1.000000
0.998832 -0.047637 0.008073 0.037200 0.047937 0.997950 -0.042403 11.271000 -0.006037 0.042740 0.999068 0.102300 0.000000 0.000000 0.000000 1.000000
0.998124 -0.052781 0.031017 0.037200 0.054000 0.997744 -0.039884 11.271000 -0.028842 0.041484 0.998723 0.102300 0.000000 0.000000 0.000000 1.000000
0.997067 -0.054584 0.053648 0.037200 0.056728 0.997617 -0.039284 11.271000 -0.051376 0.042212 0.997787 0.102300 0.000000 0.000000 0.000000 1.000000
0.995912 -0.054288 0.072188 0.037200 0.057304 0.997540 -0.040382 11.271000 -0.069818 0.044353 0.996573 0.102300 0.000000 0.000000 0.000000 1.000000
0.995031 -0.052860 0.084374 0.037200 0.056646 0.997462 -0.043126 11.271000 -0.081880 0.047692 0.995500 0.102300 0.000000 0.000000 0.000000 1.000000
0.994736 -0.050172 0.089352 0.037200 0.054504 0.997420 -0.046719 11.271000 -0.086778 0.051343 0.994904 0.102300 0.000000 0.000000 0.000000 1.000000
0.995119 -0.046015 0.087297 0.037200 0.050467 0.997499 -0.049487 11.271000 -0.084801 0.053651 0.994952 0.102300 0.000000 0.000000 0.000000 1.000000
0.995964 -0.041152 0.079767 0.037200 0.045256 0.997706 -0.050341 11.271000 -0.077512 0.053748 0.995542 0.102300 0.000000 0.000000 0.000000 1.000000
0.996878 -0.036708 0.069903 0.037200 0.040255 0.997937 -0.050016 11.271000 -0.067923 0.052673 0.996299 0.102300 0.000000 0.000000 0.000000 1.000000
0.997593 -0.032934 0.061025 0.037200 0.036022 0.998088 -0.050225 11.271000 -0.059254 0.052302 0.996872 0.102300 0.000000 0.000000 0.000000 1.000000
0.998090 -0.029215 0.054429 0.037200 0.032031 0.998154 -0.051610 11.271000 -0.052820 0.053255 0.997183 0.102300 0.000000 0.000000 0.000000 1.000000
0.998496 -0.025144 0.048709 0.037200 0.027723 0.998209 -0.053018 11.271000 -0.047289 0.054289 0.997405 0.102300 0.000000 0.000000 0.000000 1.000000
0.998918 -0.020802 0.041595 0.037200 0.022995 0.998332 -0.052957 11.271000 -0.040424 0.053856 0.997730 0.102300 0.000000 0.000000 0.000000 1.000000
0.999332 -0.016279 0.032722 0.037200 0.017942 0.998527 -0.051211 11.271000 -0.031841 0.051763 0.998152 0.102300 0.000000 0.000000 0.000000 1.000000
0.999631 -0.011934 0.024414 0.037200 0.013116 0.998722 -0.048803 11.271000 -0.023800 0.049106 0.998510 0.102300 0.000000 0.000000 0.000000 1.000000
0.999782 -0.008376 0.019102 0.037200 0.009267 0.998849 -0.047069 11.271000 -0.018686 0.047236 0.998709 0.102300 0.000000 0.000000 0.000000 1.000000
0.999847 -0.006299 0.016290 0.037200 0.007053 0.998886 -0.046658 11.271000 -0.015978 0.046766 0.998778 0.102300 0.000000 0.000000 0.000000 1.000000
0.999893 -0.006081 0.013281 0.037200 0.006705 0.998854 -0.047383 11.271000 -0.012978 0.047467 0.998788 0.102300 0.000000 0.000000 0.000000 1.000000
0.999940 -0.007008 0.008477 0.037200 0.007413 0.998783 -0.048767 11.271000 -0.008125 0.048827 0.998774 0.102300 0.000000 0.000000 0.000000 1.000000
0.999959 -0.009076 0.000775 0.037200 0.009103 0.998655 -0.051043 11.271000 -0.000310 0.051048 0.998696 0.102300 0.000000 0.000000 0.000000 1.000000
0.999900 -0.011643 -0.007976 0.037200 0.011198 0.998493 -0.053728 11.271000 0.008590 0.053633 0.998524 0.102300 0.000000 0.000000 0.000000 1.000000</float_array><technique_common><accessor source="#Spine1-Matrix-animation-output-transform-array" count="27" stride="16"><param type="float4x4"/></accessor></technique_common></source><source id="Spine1-Interpolations"><Name_array id="Spine1-Interpolations-array" count="27">
 LINEAR LINEAR LINEAR LINEAR LINEAR LINEAR LINEAR LINEAR LINEAR LINEAR LINEAR
LINEAR LINEAR LINEAR LINEAR LINEAR LINEAR LINEAR LINEAR LINEAR LINEAR LINEAR LINEAR
LINEAR LINEAR LINEAR LINEAR</Name_array><technique_common><accessor source="#Spine1-Interpolations-array" count="27"><param type="name"/></accessor></technique_common></source><sampler id="Spine1-Matrix-animation-transform"><input semantic="INPUT" source="#Spine1-Matrix-animation-input"/><input semantic="OUTPUT" source="#Spine1-Matrix-animation-output-transform"/><input semantic="INTERPOLATION" source="#Spine1-Interpolations"/></sampler><channel source="#Spine1-Matrix-animation-transform" target="Spine1/matrix"/></animation>
    <animation id="Spine2-anim" name="Spine2"><source id="Spine2-Matrix-animation-input"><float_array id="Spine2-Matrix-animation-input-array" count="27">

0.000000 0.033333 0.066667 0.100000 0.133333 0.166667 0.200000 0.233333 0.266667 0.300000 0.333333 0.366667 0.400000 0.433333 0.466667 0.500000
0.533333 0.566667 0.600000 0.633333 0.666667 0.700000 0.733333 0.766667 0.800000 0.833333 0.866667</float_array><technique_common><accessor source="#Spine2-Matrix-animation-input-array" count="27"><param name="TIME" type="float"/></accessor></technique_common></source><source id="Spine2-Matrix-animation-output-transform"><float_array id="Spine2-Matrix-animation-output-transform-array" count="432">

0.999896 -0.011812 -0.008320 0.042500 0.011349 0.998495 -0.053650 10.833500 0.008941 0.053550 0.998525 0.116900 0.000000 0.000000 0.000000 1.000000
0.999745 -0.014839 -0.017023 0.042500 0.013862 0.998327 -0.056128 10.833500 0.017828 0.055878 0.998278 0.116900 0.000000 0.000000 0.000000 1.000000
0.999526 -0.018488 -0.024597 0.042500 0.017039 0.998177 -0.057892 10.833500 0.025622 0.057445 0.998020 0.116900 0.000000 0.000000 0.000000 1.000000
0.999330 -0.023593 -0.027982 0.042500 0.021965 0.998125 -0.057124 10.833500 0.029278 0.056471 0.997975 0.116900 0.000000 0.000000 0.000000 1.000000
0.999249 -0.030962 -0.023298 0.042500 0.029698 0.998164 -0.052783 10.833500 0.024890 0.052051 0.998334 0.116900 0.000000 0.000000 0.000000 1.000000
0.999158 -0.039623 -0.010678 0.042500 0.039079 0.998126 -0.047089 10.833500 0.012524 0.046632 0.998834 0.116900 0.000000 0.000000 0.000000 1.000000
0.998829 -0.047604 0.008588 0.042500 0.047927 0.997951 -0.042378 10.833500 -0.006553 0.042740 0.999065 0.116900 0.000000 0.000000 0.000000 1.000000
0.998113 -0.052658 0.031578 0.042500 0.053894 0.997759 -0.039648 10.833500 -0.029420 0.041275 0.998715 0.116900 0.000000 0.000000 0.000000 1.000000
0.997049 -0.054330 0.054242 0.042500 0.056474 0.997650 -0.038804 10.833500 -0.052006 0.041753 0.997774 0.116900 0.000000 0.000000 0.000000 1.000000
0.995884 -0.053908 0.072863 0.042500 0.056906 0.997589 -0.039711 10.833500 -0.070546 0.043694 0.996551 0.116900 0.000000 0.000000 0.000000 1.000000
0.994988 -0.052391 0.085172 0.042500 0.056152 0.997523 -0.042371 10.833500 -0.082741 0.046941 0.995465 0.116900 0.000000 0.000000 0.000000 1.000000
0.994680 -0.049667 0.090246 0.042500 0.053978 0.997484 -0.045968 10.833500 -0.087736 0.050594 0.994858 0.116900 0.000000 0.000000 0.000000 1.000000
0.995063 -0.045529 0.088188 0.042500 0.049965 0.997560 -0.048761 10.833500 -0.085753 0.052927 0.994910 0.116900 0.000000 0.000000 0.000000 1.000000
0.995916 -0.040725 0.080576 0.042500 0.044815 0.997762 -0.049618 10.833500 -0.078375 0.053026 0.995513 0.116900 0.000000 0.000000 0.000000 1.000000
0.996840 -0.036361 0.070622 0.042500 0.039895 0.997987 -0.049295 10.833500 -0.068687 0.051956 0.996284 0.116900 0.000000 0.000000 0.000000 1.000000
0.997561 -0.032673 0.061686 0.042500 0.035756 0.998131 -0.049555 10.833500 -0.059952 0.051639 0.996865 0.116900 0.000000 0.000000 0.000000 1.000000
0.998062 -0.029044 0.055039 0.042500 0.031862 0.998188 -0.051043 10.833500 -0.053457 0.052698 0.997179 0.116900 0.000000 0.000000 0.000000 1.000000
0.998473 -0.025055 0.049241 0.042500 0.027642 0.998234 -0.052573 10.833500 -0.047837 0.053853 0.997402 0.116900 0.000000 0.000000 0.000000 1.000000
0.998901 -0.020775 0.042018 0.042500 0.022978 0.998350 -0.052631 10.833500 -0.040856 0.053539 0.997730 0.116900 0.000000 0.000000 0.000000 1.000000
0.999322 -0.016289 0.033029 0.042500 0.017961 0.998537 -0.051001 10.833500 -0.032150 0.051559 0.998152 0.116900 0.000000 0.000000 0.000000 1.000000
0.999625 -0.011957 0.024623 0.042500 0.013146 0.998727 -0.048690 10.833500 -0.024010 0.048995 0.998510 0.116900 0.000000 0.000000 0.000000 1.000000
0.999780 -0.008403 0.019228 0.042500 0.009300 0.998851 -0.047017 10.833500 -0.018811 0.047185 0.998709 0.116900 0.000000 0.000000 0.000000 1.000000
0.999847 -0.006346 0.016327 0.042500 0.007101 0.998887 -0.046632 10.833500 -0.016013 0.046741 0.998779 0.116900 0.000000 0.000000 0.000000 1.000000
0.999894 -0.006177 0.013219 0.042500 0.006797 0.998855 -0.047358 10.833500 -0.012911 0.047442 0.998791 0.116900 0.000000 0.000000 0.000000 1.000000
0.999940 -0.007178 0.008303 0.042500 0.007574 0.998783 -0.048735 10.833500 -0.007943 0.048795 0.998777 0.116900 0.000000 0.000000 0.000000 1.000000
0.999957 -0.009298 0.000508 0.042500 0.009312 0.998656 -0.050986 10.833500 -0.000034 0.050989 0.998699 0.116900 0.000000 0.000000 0.000000 1.000000
0.999896 -0.011812 -0.008320 0.042500 0.011349 0.998495 -0.053650 10.833500 0.008941 0.053550 0.998525 0.116900 0.000000 0.000000 0.000000 1.000000</float_array><technique_common><accessor source="#Spine2-Matrix-animation-output-transform-array" count="27" stride="16"><param type="float4x4"/></accessor></technique_common></source><source id="Spine2-Interpolations"><Name_array id="Spine2-Interpolations-array" count="27">
 LINEAR LINEAR LINEAR LINEAR LINEAR LINEAR LINEAR LINEAR LINEAR LINEAR LINEAR
LINEAR LINEAR LINEAR LINEAR LINEAR LINEAR LINEAR LINEAR LINEAR LINEAR LINEAR LINEAR
LINEAR LINEAR LINEAR LINEAR</Name_array><technique_common><accessor source="#Spine2-Interpolations-array" count="27"><param type="name"/></accessor></technique_common></source><sampler id="Spine2-Matrix-animation-transform"><input semantic="INPUT" source="#Spine2-Matrix-animation-input"/><input semantic="OUTPUT" source="#Spine2-Matrix-animation-output-transform"/><input semantic="INTERPOLATION" source="#Spine2-Interpolations"/></sampler><channel source="#Spine2-Matrix-animation-transform" target="Spine2/matrix"/></animation>
    <animation id="RightShoulder-anim" name="RightShoulder"><source id="RightShoulder-Matrix-animation-input"><float_array id="RightShoulder-Matrix-animation-input-array" count="27">

0.000000 0.033333 0.066667 0.100000 0.133333 0.166667 0.200000 0.233333 0.266667 0.300000 0.333333 0.366667 0.400000 0.433333 0.466667 0.500000
0.533333 0.566667 0.600000 0.633333 0.666667 0.700000 0.733333 0.766667 0.800000 0.833333 0.866667</float_array><technique_common><accessor source="#RightShoulder-Matrix-animation-input-array" count="27"><param name="TIME" type="float"/></accessor></technique_common></source><source id="RightShoulder-Matrix-animation-output-transform"><float_array id="RightShoulder-Matrix-animation-output-transform-array" count="432">

0.784009 -0.206946 0.585238 -8.091500 0.240897 0.970336 0.020404 25.765600 -0.572100 0.124985 0.810605 -8.554100 0.000000 0.000000 0.000000 1.000000
0.800311 -0.207090 0.562686 -8.091500 0.238595 0.970952 0.017993 25.765600 -0.550068 0.119854 0.826475 -8.554100 0.000000 0.000000 0.000000 1.000000
0.821876 -0.207225 0.530639 -8.091500 0.236705 0.971498 0.012771 25.765600 -0.518161 0.115108 0.847502 -8.554100 0.000000 0.000000 0.000000 1.000000
0.854180 -0.207410 0.476820 -8.091500 0.234058 0.972216 0.003606 25.765600 -0.464320 0.108523 0.878993 -8.554100 0.000000 0.000000 0.000000 1.000000
0.885837 -0.207638 0.414944 -8.091500 0.230115 0.973154 -0.004291 25.765600 -0.402913 0.099286 0.909837 -8.554100 0.000000 0.000000 0.000000 1.000000
0.899863 -0.207846 0.383467 -8.091500 0.226038 0.974115 -0.002444 25.765600 -0.373033 0.088877 0.923551 -8.554100 0.000000 0.000000 0.000000 1.000000
0.893110 -0.208039 0.398842 -8.091500 0.221218 0.975134 0.013273 25.765600 -0.391686 0.076377 0.916924 -8.554100 0.000000 0.000000 0.000000 1.000000
0.862990 -0.208263 0.460298 -8.091500 0.209507 0.976576 0.049060 25.765600 -0.459733 0.054097 0.886408 -8.554100 0.000000 0.000000 0.000000 1.000000
0.826010 -0.101616 0.554420 -8.091500 0.093353 0.994694 0.043228 25.765600 -0.555871 0.016050 0.831114 -8.554100 0.000000 0.000000 0.000000 1.000000
0.763707 0.020653 0.645232 -8.091500 -0.036111 0.999290 0.010756 25.765600 -0.644552 -0.031515 0.763911 -8.554100 0.000000 0.000000 0.000000 1.000000
0.701772 0.110689 0.703750 -8.091500 -0.129395 0.991229 -0.026873 25.765600 -0.700552 -0.072203 0.709939 -8.554100 0.000000 0.000000 0.000000 1.000000
0.669453 0.160214 0.725372 -8.091500 -0.179101 0.982471 -0.051706 25.765600 -0.720941 -0.095300 0.686412 -8.554100 0.000000 0.000000 0.000000 1.000000
0.671686 0.165332 0.722152 -8.091500 -0.184199 0.981439 -0.053368 25.765600 -0.717572 -0.097173 0.689673 -8.554100 0.000000 0.000000 0.000000 1.000000
0.695085 0.124008 0.708152 -8.091500 -0.142934 0.989184 -0.032925 25.765600 -0.704576 -0.078333 0.705292 -8.554100 0.000000 0.000000 0.000000 1.000000
0.721729 0.043877 0.690783 -8.091500 -0.061539 0.998104 0.000899 25.765600 -0.689434 -0.043159 0.723061 -8.554100 0.000000 0.000000 0.000000 1.000000
0.739589 -0.057110 0.670631 -8.091500 0.043185 0.998367 0.037394 25.765600 -0.671672 0.001305 0.740848 -8.554100 0.000000 0.000000 0.000000 1.000000
0.745825 -0.161601 0.646243 -8.091500 0.153584 0.985707 0.069237 25.765600 -0.648195 0.047614 0.759985 -8.554100 0.000000 0.000000 0.000000 1.000000
0.754917 -0.207670 0.622073 -8.091500 0.217886 0.974081 0.060766 25.765600 -0.618568 0.089668 0.780598 -8.554100 0.000000 0.000000 0.000000 1.000000
0.773137 -0.206947 0.599526 -8.091500 0.239638 0.970515 0.025974 25.765600 -0.587224 0.123588 0.799934 -8.554100 0.000000 0.000000 0.000000 1.000000
0.787724 -0.206319 0.580451 -8.091500 0.253233 0.967405 0.000200 25.765600 -0.561573 0.146832 0.814295 -8.554100 0.000000 0.000000 0.000000 1.000000
0.794806 -0.205940 0.570852 -8.091500 0.259867 0.965550 -0.013486 25.765600 -0.548409 0.159064 0.820942 -8.554100 0.000000 0.000000 0.000000 1.000000
0.793621 -0.205840 0.572535 -8.091500 0.261490 0.965082 -0.015494 25.765600 -0.549354 0.162008 0.819734 -8.554100 0.000000 0.000000 0.000000 1.000000
0.786583 -0.205964 0.582122 -8.091500 0.259491 0.965704 -0.008952 25.765600 -0.560313 0.158097 0.813052 -8.554100 0.000000 0.000000 0.000000 1.000000
0.777150 -0.206237 0.594562 -8.091500 0.254651 0.967030 0.002581 25.765600 -0.575491 0.149400 0.804046 -8.554100 0.000000 0.000000 0.000000 1.000000
0.767899 -0.206576 0.606347 -8.091500 0.247905 0.968651 0.016053 25.765600 -0.590655 0.137990 0.795038 -8.554100 0.000000 0.000000 0.000000 1.000000
0.773663 -0.206768 0.598910 -8.091500 0.244183 0.969537 0.019291 25.765600 -0.584654 0.131319 0.800584 -8.554100 0.000000 0.000000 0.000000 1.000000
0.784009 -0.206946 0.585238 -8.091500 0.240897 0.970336 0.020404 25.765600 -0.572100 0.124985 0.810605 -8.554100 0.000000 0.000000 0.000000 1.000000</float_array><technique_common><accessor source="#RightShoulder-Matrix-animation-output-transform-array" count="27" stride="16"><param type="float4x4"/></accessor></technique_common></source><source id="RightShoulder-Interpolations"><Name_array id="RightShoulder-Interpolations-array" count="27">
 LINEAR LINEAR LINEAR LINEAR LINEAR LINEAR LINEAR LINEAR LINEAR LINEAR LINEAR
LINEAR LINEAR LINEAR LINEAR LINEAR LINEAR LINEAR LINEAR LINEAR LINEAR LINEAR LINEAR
LINEAR LINEAR LINEAR LINEAR</Name_array><technique_common><accessor source="#RightShoulder-Interpolations-array" count="27"><param type="name"/></accessor></technique_common></source><sampler id="RightShoulder-Matrix-animation-transform"><input semantic="INPUT" source="#RightShoulder-Matrix-animation-input"/><input semantic="OUTPUT" source="#RightShoulder-Matrix-animation-output-transform"/><input semantic="INTERPOLATION" source="#RightShoulder-Interpolations"/></sampler><channel source="#RightShoulder-Matrix-animation-transform" target="RightShoulder/matrix"/></animation>
    <animation id="RightArm-anim" name="RightArm"><source id="RightArm-Matrix-animation-input"><float_array id="RightArm-Matrix-animation-input-array" count="27">

0.000000 0.033333 0.066667 0.100000 0.133333 0.166667 0.200000 0.233333 0.266667 0.300000 0.333333 0.366667 0.400000 0.433333 0.466667 0.500000
0.533333 0.566667 0.600000 0.633333 0.666667 0.700000 0.733333 0.766667 0.800000 0.833333 0.866667</float_array><technique_common><accessor source="#RightArm-Matrix-animation-input-array" count="27"><param name="TIME" type="float"/></accessor></technique_common></source><source id="RightArm-Matrix-animation-output-transform"><float_array id="RightArm-Matrix-animation-output-transform-array" count="432">

0.761648 -0.558383 0.328787 -16.797300 0.482812 0.827433 0.286788 -5.746200 -0.432187 -0.059689 0.899806 -3.882900 0.000000 0.000000 0.000000 1.000000
0.756506 -0.549730 0.354254 -16.797300 0.483686 0.834894 0.262678 -5.746200 -0.440166 -0.027370 0.897499 -3.882900 0.000000 0.000000 0.000000 1.000000
0.748212 -0.552553 0.367237 -16.797300 0.493640 0.833465 0.248304 -5.746200 -0.443281 -0.004501 0.896372 -3.882900 0.000000 0.000000 0.000000 1.000000
0.746302 -0.586880 0.314015 -16.797300 0.528910 0.809300 0.255513 -5.746200 -0.404087 -0.024604 0.914389 -3.882900 0.000000 0.000000 0.000000 1.000000
0.763156 -0.616424 0.193943 -16.797300 0.560201 0.780686 0.276955 -5.746200 -0.322130 -0.102713 0.941107 -3.882900 0.000000 0.000000 0.000000 1.000000
0.812393 -0.577295 0.082144 -16.797300 0.518569 0.779689 0.350957 -5.746200 -0.266652 -0.242518 0.932782 -3.882900 0.000000 0.000000 0.000000 1.000000
0.892876 -0.449974 0.017206 -16.797300 0.388474 0.789040 0.475925 -5.746200 -0.227730 -0.418258 0.879318 -3.882900 0.000000 0.000000 0.000000 1.000000
0.957945 -0.280172 0.062001 -16.797300 0.193304 0.789760 0.582162 -5.746200 -0.212071 -0.545694 0.810706 -3.882900 0.000000 0.000000 0.000000 1.000000
0.968595 -0.210971 0.131585 -16.797300 0.076006 0.755103 0.651186 -5.746200 -0.236742 -0.620734 0.747424 -3.882900 0.000000 0.000000 0.000000 1.000000
0.960818 -0.186022 0.205487 -16.797300 0.006709 0.756737 0.653685 -5.746200 -0.277099 -0.626693 0.728335 -3.882900 0.000000 0.000000 0.000000 1.000000
0.930349 -0.164577 0.327666 -16.797300 -0.055321 0.820384 0.569131 -5.746200 -0.362478 -0.547618 0.754139 -3.882900 0.000000 0.000000 0.000000 1.000000
0.931871 -0.184751 0.312224 -16.797300 -0.017235 0.837103 0.546774 -5.746200 -0.362381 -0.514904 0.776888 -3.882900 0.000000 0.000000 0.000000 1.000000
0.926282 -0.208738 0.313734 -16.797300 0.000630 0.833418 0.552643 -5.746200 -0.376829 -0.511706 0.772112 -3.882900 0.000000 0.000000 0.000000 1.000000
0.901992 -0.232097 0.364062 -16.797300 -0.025179 0.813507 0.581010 -5.746200 -0.431017 -0.533234 0.727933 -3.882900 0.000000 0.000000 0.000000 1.000000
0.919265 -0.263951 0.292030 -16.797300 0.023574 0.777455 0.628496 -5.746200 -0.392932 -0.570871 0.720910 -3.882900 0.000000 0.000000 0.000000 1.000000
0.925541 -0.323093 0.197444 -16.797300 0.099820 0.711198 0.695869 -5.746200 -0.365252 -0.624347 0.690494 -3.882900 0.000000 0.000000 0.000000 1.000000
0.924565 -0.360871 0.122279 -16.797300 0.186198 0.707907 0.681321 -5.746200 -0.332431 -0.607157 0.721699 -3.882900 0.000000 0.000000 0.000000 1.000000
0.904613 -0.423841 0.045098 -16.797300 0.300958 0.710074 0.636569 -5.746200 -0.301827 -0.562276 0.769900 -3.882900 0.000000 0.000000 0.000000 1.000000
0.855897 -0.517144 -0.001810 -16.797300 0.425363 0.701996 0.571199 -5.746200 -0.294121 -0.489657 0.820810 -3.882900 0.000000 0.000000 0.000000 1.000000
0.800085 -0.599735 0.013514 -16.797300 0.519050 0.703389 0.485625 -5.746200 -0.300752 -0.381527 0.874063 -3.882900 0.000000 0.000000 0.000000 1.000000
0.754911 -0.652285 0.068071 -16.797300 0.575766 0.708871 0.407424 -5.746200 -0.314010 -0.268376 0.910699 -3.882900 0.000000 0.000000 0.000000 1.000000
0.731279 -0.670120 0.127162 -16.797300 0.597874 0.719495 0.353374 -5.746200 -0.328295 -0.182388 0.926799 -3.882900 0.000000 0.000000 0.000000 1.000000
0.729944 -0.661142 0.173414 -16.797300 0.590416 0.737725 0.327370 -5.746200 -0.344370 -0.136576 0.928847 -3.882900 0.000000 0.000000 0.000000 1.000000
0.743999 -0.634008 0.210946 -16.797300 0.559383 0.763672 0.322329 -5.746200 -0.365453 -0.121813 0.922825 -3.882900 0.000000 0.000000 0.000000 1.000000
0.762618 -0.597081 0.248813 -16.797300 0.514807 0.793142 0.325423 -5.746200 -0.391648 -0.120083 0.912246 -3.882900 0.000000 0.000000 0.000000 1.000000
0.764225 -0.575458 0.291219 -16.797300 0.493409 0.812448 0.310605 -5.746200 -0.415341 -0.093682 0.904829 -3.882900 0.000000 0.000000 0.000000 1.000000
0.761648 -0.558383 0.328787 -16.797300 0.482811 0.827433 0.286788 -5.746200 -0.432187 -0.059689 0.899806 -3.882900 0.000000 0.000000 0.000000 1.000000</float_array><technique_common><accessor source="#RightArm-Matrix-animation-output-transform-array" count="27" stride="16"><param type="float4x4"/></accessor></technique_common></source><source id="RightArm-Interpolations"><Name_array id="RightArm-Interpolations-array" count="27">
 LINEAR LINEAR LINEAR LINEAR LINEAR LINEAR LINEAR LINEAR LINEAR LINEAR LINEAR
LINEAR LINEAR LINEAR LINEAR LINEAR LINEAR LINEAR LINEAR LINEAR LINEAR LINEAR LINEAR
LINEAR LINEAR LINEAR LINEAR</Name_array><technique_common><accessor source="#RightArm-Interpolations-array" count="27"><param type="name"/></accessor></technique_common></source><sampler id="RightArm-Matrix-animation-transform"><input semantic="INPUT" source="#RightArm-Matrix-animation-input"/><input semantic="OUTPUT" source="#RightArm-Matrix-animation-output-transform"/><input semantic="INTERPOLATION" source="#RightArm-Interpolations"/></sampler><channel source="#RightArm-Matrix-animation-transform" target="RightArm/matrix"/></animation>
    <animation id="RightForeArm-anim" name="RightForeArm"><source id="RightForeArm-Matrix-animation-input"><float_array id="RightForeArm-Matrix-animation-input-array" count="27">

0.000000 0.033333 0.066667 0.100000 0.133333 0.166667 0.200000 0.233333 0.266667 0.300000 0.333333 0.366667 0.400000 0.433333 0.466667 0.500000
0.533333 0.566667 0.600000 0.633333 0.666667 0.700000 0.733333 0.766667 0.800000 0.833333 0.866667</float_array><technique_common><accessor source="#RightForeArm-Matrix-animation-input-array" count="27"><param name="TIME" type="float"/></accessor></technique_common></source><source id="RightForeArm-Matrix-animation-output-transform"><float_array id="RightForeArm-Matrix-animation-output-transform-array" count="432">

-0.322125 0.008770 0.946657 -26.183201 0.002926 0.999962 -0.008268 0.226400 -0.946693 0.000107 -0.322138 -1.783800 0.000000 0.000000 0.000000 1.000000
-0.315131 0.008770 0.949008 -26.183201 0.002866 0.999962 -0.008289 0.226400 -0.949044 0.000108 -0.315144 -1.783800 0.000000 0.000000 0.000000 1.000000
-0.310496 0.008771 0.950534 -26.183201 0.002827 0.999962 -0.008304 0.226400 -0.950570 0.000108 -0.310509 -1.783800 0.000000 0.000000 0.000000 1.000000
-0.340627 0.008769 0.940157 -26.183201 0.003085 0.999962 -0.008209 0.226400 -0.940193 0.000104 -0.340641 -1.783800 0.000000 0.000000 0.000000 1.000000
-0.387423 0.008766 0.921860 -26.183201 0.003486 0.999962 -0.008043 0.226400 -0.921895 0.000098 -0.387439 -1.783800 0.000000 0.000000 0.000000 1.000000
-0.382132 0.008766 0.924066 -26.183201 0.003441 0.999962 -0.008063 0.226400 -0.924101 0.000098 -0.382148 -1.783800 0.000000 0.000000 0.000000 1.000000
-0.286551 0.008772 0.958025 -26.183201 0.002621 0.999962 -0.008372 0.226400 -0.958061 0.000112 -0.286563 -1.783800 0.000000 0.000000 0.000000 1.000000
-0.015974 0.008798 0.999834 -26.183201 0.000291 0.999961 -0.008795 0.226400 -0.999872 0.000150 -0.015975 -1.783800 0.000000 0.000000 0.000000 1.000000
0.423589 0.008764 0.905812 -26.183201 -0.003520 0.999962 -0.008029 0.226400 -0.905848 0.000212 0.423604 -1.783800 0.000000 0.000000 0.000000 1.000000
0.822819 0.008717 0.568236 -26.183201 -0.007020 0.999962 -0.005174 0.226400 -0.568260 0.000268 0.822849 -1.783800 0.000000 0.000000 0.000000 1.000000
0.998403 0.008644 0.055828 -26.183201 -0.008614 0.999963 -0.000776 0.226400 -0.055833 0.000293 0.998440 -1.783800 0.000000 0.000000 0.000000 1.000000
0.997650 0.008627 -0.067968 -26.183201 -0.008627 0.999963 0.000293 0.226400 0.067968 0.000294 0.997687 -1.783800 0.000000 0.000000 0.000000 1.000000
0.997650 0.008627 -0.067967 -26.183201 -0.008627 0.999963 0.000293 0.226400 0.067967 0.000294 0.997688 -1.783800 0.000000 0.000000 0.000000 1.000000
0.997650 0.008626 -0.067967 -26.183201 -0.008626 0.999963 0.000294 0.226400 0.067967 0.000293 0.997688 -1.783800 0.000000 0.000000 0.000000 1.000000
0.971952 0.008669 0.235018 -26.183201 -0.008358 0.999962 -0.002319 0.226400 -0.235030 0.000290 0.971988 -1.783800 0.000000 0.000000 0.000000 1.000000
0.848595 0.008711 0.528971 -26.183201 -0.007248 0.999962 -0.004839 0.226400 -0.528993 0.000272 0.848626 -1.783800 0.000000 0.000000 0.000000 1.000000
0.648845 0.008743 0.760871 -26.183201 -0.005487 0.999962 -0.006812 0.226400 -0.760901 0.000244 0.648868 -1.783800 0.000000 0.000000 0.000000 1.000000
0.403755 0.008765 0.914825 -26.183201 -0.003347 0.999962 -0.008104 0.226400 -0.914861 0.000210 0.403769 -1.783800 0.000000 0.000000 0.000000 1.000000
0.158245 0.008777 0.987361 -26.183201 -0.001216 0.999961 -0.008694 0.226400 -0.987399 0.000175 0.158250 -1.783800 0.000000 0.000000 0.000000 1.000000
-0.055505 0.008776 0.998420 -26.183201 0.000631 0.999961 -0.008755 0.226400 -0.998458 0.000144 -0.055509 -1.783800 0.000000 0.000000 0.000000 1.000000
-0.218051 0.008774 0.975898 -26.183201 0.002032 0.999961 -0.008537 0.226400 -0.975935 0.000122 -0.218060 -1.783800 0.000000 0.000000 0.000000 1.000000
-0.318470 0.008770 0.947892 -26.183201 0.002895 0.999962 -0.008279 0.226400 -0.947929 0.000107 -0.318483 -1.783800 0.000000 0.000000 0.000000 1.000000
-0.360592 0.008768 0.932683 -26.183201 0.003256 0.999962 -0.008141 0.226400 -0.932718 0.000101 -0.360606 -1.783800 0.000000 0.000000 0.000000 1.000000
-0.364172 0.008768 0.931290 -26.183201 0.003287 0.999962 -0.008129 0.226400 -0.931326 0.000101 -0.364187 -1.783800 0.000000 0.000000 0.000000 1.000000
-0.352661 0.008768 0.935710 -26.183201 0.003188 0.999962 -0.008169 0.226400 -0.935746 0.000103 -0.352676 -1.783800 0.000000 0.000000 0.000000 1.000000
-0.335413 0.008769 0.942030 -26.183201 0.003040 0.999962 -0.008226 0.226400 -0.942066 0.000105 -0.335427 -1.783800 0.000000 0.000000 0.000000 1.000000
-0.322125 0.008769 0.946657 -26.183201 0.002926 0.999962 -0.008267 0.226400 -0.946693 0.000107 -0.322138 -1.783800 0.000000 0.000000 0.000000 1.000000</float_array><technique_common><accessor source="#RightForeArm-Matrix-animation-output-transform-array" count="27" stride="16"><param type="float4x4"/></accessor></technique_common></source><source id="RightForeArm-Interpolations"><Name_array id="RightForeArm-Interpolations-array" count="27">
 LINEAR LINEAR LINEAR LINEAR LINEAR LINEAR LINEAR LINEAR LINEAR LINEAR LINEAR
LINEAR LINEAR LINEAR LINEAR LINEAR LINEAR LINEAR LINEAR LINEAR LINEAR LINEAR LINEAR
