<?xml version="1.0" encoding="utf-8"?>
<COLLADA xmlns="http://www.collada.org/2005/11/COLLADASchema" version="1.4.1">
  <asset><contributor><author>Mixamo</author><authoring_tool>COLLADA Mixamo exporter</authoring_tool><comments></comments></contributor><created>2020-06-21T20:39:30Z</created><modified>2020-06-21T20:39:30Z</modified><revision></revision><title></title><unit meter="0.010000"/><up_axis>Y_UP</up_axis></asset>
  <library_animations>
    <animation id="mixamorig_Hips-anim" name="mixamorig_Hips"><source id="mixamorig_Hips-Matrix-animation-input"><float_array id="mixamorig_Hips-Matrix-animation-input-array" count="100">

0.000000 0.033333 0.066667 0.100000 0.133333 0.166667 0.200000 0.233333 0.266667 0.300000 0.333333 0.366667 0.400000 0.433333 0.466667 0.500000
0.533333 0.566667 0.600000 0.633333 0.666667 0.700000 0.733333 0.766667 0.800000 0.833333 0.866667 0.900000 0.933333 0.966667 1.000000 1.033333
1.066667 1.100000 1.133333 1.166667 1.200000 1.233333 1.266667 1.300000 1.333333 1.366667 1.400000 1.433333 1.466667 1.500000 1.533333 1.566667
1.600000 1.633333 1.666667 1.700000 1.733333 1.766667 1.800000 1.833333 1.866667 1.900000 1.933333 1.966667 2.000000 2.033333 2.066667 2.100000
2.133333 2.166667 2.200000 2.233333 2.266667 2.300000 2.333333 2.366667 2.400000 2.433333 2.466667 2.500000 2.533333 2.566667 2.600000 2.633333
2.666667 2.700000 2.733333 2.766667 2.800000 2.833333 2.866667 2.900000 2.933333 2.966667 3.000000 3.033333 3.066667 3.100000 3.133333 3.166667
3.200000 3.233333 3.266667 3.300000</float_array><technique_common><accessor source="#mixamorig_Hips-Matrix-animation-input-array" count="100"><param name="TIME" type="float"/></accessor></technique_common></source><source id="mixamorig_Hips-Matrix-animation-output-transform"><float_array id="mixamorig_Hips-Matrix-animation-output-transform-array" count="1600">

0.575539 0.071967 -0.814601 -0.197921 0.029757 0.993617 0.108807 89.149399 0.817232 -0.086863 0.569725 0.027338 0.000000 0.000000 0.000000 1.000000
0.575632 0.020068 -0.817463 1.061753 0.038768 0.997905 0.051797 89.021759 0.816789 -0.061508 0.573648 0.127037 0.000000 0.000000 0.000000 1.000000
0.581138 -0.068619 -0.810907 4.104511 0.054574 0.997482 -0.045296 88.624001 0.811973 -0.017931 0.583419 0.317156 0.000000 0.000000 0.000000 1.000000
0.626317 -0.140337 -0.766833 6.788955 0.073402 0.989909 -0.121210 87.908524 0.776105 0.019629 0.630298 0.472661 0.000000 0.000000 0.000000 1.000000
0.727396 -0.159629 -0.667393 7.894816 0.081557 0.985784 -0.146894 87.001480 0.681354 0.052419 0.730074 0.667664 0.000000 0.000000 0.000000 1.000000
0.821831 -0.183570 -0.539347 8.444492 0.123698 0.981580 -0.145601 86.206566 0.556141 0.052943 0.829400 0.843315 0.000000 0.000000 0.000000 1.000000
0.834203 -0.220409 -0.505495 8.720764 0.199280 0.975195 -0.096344 85.810097 0.514191 -0.020365 0.857434 0.879054 0.000000 0.000000 0.000000 1.000000
0.803947 -0.218452 -0.553126 9.164450 0.225595 0.972597 -0.056225 85.671013 0.550251 -0.079581 0.831199 1.129479 0.000000 0.000000 0.000000 1.000000
0.779811 -0.205384 -0.591364 9.658674 0.212597 0.975392 -0.058413 85.710503 0.588809 -0.080171 0.804286 1.702619 0.000000 0.000000 0.000000 1.000000
0.771232 -0.177293 -0.611367 10.240411 0.187707 0.981066 -0.047715 85.907722 0.608250 -0.077959 0.789908 2.178662 0.000000 0.000000 0.000000 1.000000
0.767078 -0.153867 -0.622830 10.810776 0.166060 0.985348 -0.038906 86.221138 0.619690 -0.073583 0.781389 2.318113 0.000000 0.000000 0.000000 1.000000
0.762996 -0.151098 -0.628495 11.276482 0.154143 0.986777 -0.050104 86.771255 0.627755 -0.058648 0.776198 2.215575 0.000000 0.000000 0.000000 1.000000
0.745106 -0.149707 -0.649927 11.730192 0.143205 0.987665 -0.063327 87.493774 0.651390 -0.045887 0.757354 1.973429 0.000000 0.000000 0.000000 1.000000
0.704318 -0.146431 -0.694618 12.190829 0.132340 0.988425 -0.074180 88.227730 0.697440 -0.039679 0.715544 1.652373 0.000000 0.000000 0.000000 1.000000
0.660146 -0.148715 -0.736268 12.630780 0.113771 0.988692 -0.097693 88.571793 0.742471 -0.019275 0.669601 1.378944 0.000000 0.000000 0.000000 1.000000
0.628902 -0.148284 -0.763213 13.107179 0.094353 0.988945 -0.114392 88.426544 0.771738 -0.000069 0.635941 1.098778 0.000000 0.000000 0.000000 1.000000
0.606247 -0.142728 -0.782364 13.626668 0.079802 0.989716 -0.118718 88.197823 0.791263 0.009539 0.611402 0.779100 0.000000 0.000000 0.000000 1.000000
0.588078 -0.145685 -0.795575 14.121534 0.075744 0.989241 -0.125160 87.754784 0.805249 0.013343 0.592786 0.449843 0.000000 0.000000 0.000000 1.000000
0.576907 -0.153205 -0.802313 14.611067 0.076803 0.988075 -0.133451 87.239746 0.813191 0.015369 0.581794 0.116199 0.000000 0.000000 0.000000 1.000000
0.576852 -0.156299 -0.801756 15.221727 0.081631 0.987640 -0.133804 86.819435 0.812760 0.011737 0.582481 -0.188284 0.000000 0.000000 0.000000 1.000000
0.588449 -0.164868 -0.791547 15.854462 0.091619 0.986281 -0.137317 86.356117 0.803326 0.008283 0.595481 -0.532120 0.000000 0.000000 0.000000 1.000000
0.607694 -0.173976 -0.774881 16.460415 0.098284 0.984684 -0.144002 85.755798 0.788066 0.011351 0.615486 -0.897127 0.000000 0.000000 0.000000 1.000000
0.628172 -0.176911 -0.757696 17.128462 0.103325 0.984151 -0.144123 85.119476 0.771184 0.012245 0.636495 -1.232554 0.000000 0.000000 0.000000 1.000000
0.649804 -0.179423 -0.738622 17.901443 0.106059 0.983637 -0.145635 84.357582 0.752666 0.016297 0.658201 -1.544106 0.000000 0.000000 0.000000 1.000000
0.673853 -0.179784 -0.716659 18.649652 0.104091 0.983371 -0.148819 83.441879 0.731497 0.025685 0.681361 -1.824991 0.000000 0.000000 0.000000 1.000000
0.701107 -0.169729 -0.692561 19.512524 0.105545 0.985261 -0.134615 82.443512 0.705202 0.021284 0.708687 -2.000966 0.000000 0.000000 0.000000 1.000000
0.723934 -0.156319 -0.671926 20.590048 0.107646 0.987656 -0.113794 81.275429 0.681419 0.010049 0.731824 -2.117786 0.000000 0.000000 0.000000 1.000000
0.742243 -0.141890 -0.654937 21.823120 0.102412 0.989864 -0.098388 79.972466 0.662259 0.005955 0.749252 -2.243253 0.000000 0.000000 0.000000 1.000000
0.759284 -0.123176 -0.638996 23.146589 0.094044 0.992385 -0.079549 78.481750 0.643928 0.000307 0.765086 -2.373881 0.000000 0.000000 0.000000 1.000000
0.775995 -0.100149 -0.622738 24.691423 0.084031 0.994928 -0.055294 76.823074 0.625117 -0.009421 0.780474 -2.513715 0.000000 0.000000 0.000000 1.000000
0.791815 -0.076640 -0.605933 26.571081 0.073268 0.996851 -0.030339 75.084595 0.606350 -0.020373 0.794937 -2.661719 0.000000 0.000000 0.000000 1.000000
0.807724 -0.052265 -0.587239 28.511019 0.061152 0.998117 -0.004722 72.967896 0.586380 -0.032097 0.809400 -2.828313 0.000000 0.000000 0.000000 1.000000
0.825129 -0.025980 -0.564347 30.627741 0.046553 0.998672 0.022091 70.531090 0.563023 -0.044500 0.825242 -3.024768 0.000000 0.000000 0.000000 1.000000
0.842655 0.004230 -0.538437 32.888561 0.027265 0.998351 0.050512 67.797729 0.537763 -0.057244 0.841151 -3.275167 0.000000 0.000000 0.000000 1.000000
0.859480 0.038185 -0.509741 35.380852 0.002861 0.996831 0.079497 64.575592 0.511162 -0.069784 0.856647 -3.672016 0.000000 0.000000 0.000000 1.000000
0.875598 0.087392 -0.475069 37.925758 -0.033276 0.992074 0.121168 60.957382 0.481892 -0.090286 0.871566 -4.094377 0.000000 0.000000 0.000000 1.000000
0.889839 0.148924 -0.431286 40.485214 -0.076576 0.980571 0.180602 57.057281 0.449802 -0.127681 0.883955 -4.675588 0.000000 0.000000 0.000000 1.000000
0.899715 0.214029 -0.380400 43.114777 -0.135632 0.965471 0.222418 52.414017 0.414869 -0.148518 0.897678 -5.248432 0.000000 0.000000 0.000000 1.000000
0.905601 0.284696 -0.314380 45.804375 -0.203618 0.942061 0.266571 47.269665 0.372057 -0.177393 0.911101 -5.829855 0.000000 0.000000 0.000000 1.000000
0.898557 0.361338 -0.249059 48.367519 -0.288593 0.914067 0.284949 41.365776 0.330620 -0.184166 0.925621 -6.399095 0.000000 0.000000 0.000000 1.000000
0.881078 0.436356 -0.182471 50.867184 -0.374885 0.879520 0.293096 34.705132 0.288381 -0.189835 0.938509 -6.794905 0.000000 0.000000 0.000000 1.000000
0.850479 0.514553 -0.109183 53.250828 -0.460742 0.828869 0.317321 27.658627 0.253777 -0.219569 0.942012 -7.061356 0.000000 0.000000 0.000000 1.000000
0.806297 0.591101 -0.022042 55.169064 -0.544859 0.756694 0.361308 19.189831 0.230248 -0.279311 0.932186 -7.793866 0.000000 0.000000 0.000000 1.000000
0.757802 0.648850 0.068772 58.551281 -0.614614 0.674458 0.409092 13.300406 0.219055 -0.352280 0.909898 -8.668323 0.000000 0.000000 0.000000 1.000000
0.732762 0.666732 0.136121 62.351780 -0.644343 0.615496 0.453858 12.416728 0.218820 -0.420279 0.880615 -8.936831 0.000000 0.000000 0.000000 1.000000
0.708862 0.670175 0.219955 66.046066 -0.683357 0.575258 0.449557 13.751337 0.174751 -0.468982 0.865747 -8.681739 0.000000 0.000000 0.000000 1.000000
0.701621 0.651257 0.289123 69.954887 -0.697635 0.545257 0.464759 15.364513 0.145031 -0.527787 0.836903 -9.125223 0.000000 0.000000 0.000000 1.000000
0.696730 0.637638 0.328609 72.954437 -0.704451 0.521776 0.481143 16.626791 0.135334 -0.566716 0.812722 -9.543433 0.000000 0.000000 0.000000 1.000000
0.677993 0.644347 0.353754 75.252640 -0.723861 0.501536 0.473800 17.650604 0.127871 -0.577302 0.806456 -9.694447 0.000000 0.000000 0.000000 1.000000
0.669554 0.645475 0.367504 77.527145 -0.735113 0.505031 0.452274 18.608677 0.106331 -0.572979 0.812643 -9.680948 0.000000 0.000000 0.000000 1.000000
0.674236 0.641917 0.365168 79.617844 -0.732696 0.519471 0.439667 19.392086 0.092535 -0.563997 0.820576 -9.683462 0.000000 0.000000 0.000000 1.000000
0.687571 0.636733 0.349022 81.700348 -0.720366 0.537780 0.438024 19.934872 0.091207 -0.552597 0.828443 -9.936425 0.000000 0.000000 0.000000 1.000000
0.704149 0.628643 0.330124 83.567146 -0.702664 0.550033 0.451361 20.248646 0.102166 -0.549792 0.829030 -10.531247 0.000000 0.000000 0.000000 1.000000
0.714680 0.619590 0.324564 85.104370 -0.690223 0.549594 0.470679 20.301216 0.113250 -0.560406 0.820438 -11.385067 0.000000 0.000000 0.000000 1.000000
0.715953 0.616602 0.327433 85.892265 -0.686587 0.536855 0.490291 20.129623 0.126530 -0.575836 0.807714 -12.137988 0.000000 0.000000 0.000000 1.000000
0.711319 0.618204 0.334439 85.829330 -0.688558 0.517367 0.508152 19.749516 0.141113 -0.591739 0.793682 -12.587362 0.000000 0.000000 0.000000 1.000000
0.706721 0.616426 0.347223 85.303864 -0.691909 0.499753 0.521066 19.351486 0.147673 -0.608495 0.779697 -12.904921 0.000000 0.000000 0.000000 1.000000
0.705059 0.609565 0.362384 84.465706 -0.693759 0.487017 0.530577 18.984848 0.146934 -0.625495 0.766268 -13.088452 0.000000 0.000000 0.000000 1.000000
0.709234 0.600053 0.370032 83.606773 -0.690207 0.484169 0.537768 18.672890 0.143532 -0.636802 0.757550 -13.218016 0.000000 0.000000 0.000000 1.000000
0.718785 0.590184 0.367465 82.724632 -0.680931 0.490974 0.543394 18.497959 0.140287 -0.640802 0.754780 -13.129631 0.000000 0.000000 0.000000 1.000000
0.726921 0.585558 0.358758 81.700600 -0.672367 0.500623 0.545252 18.406734 0.139674 -0.637572 0.757624 -12.854619 0.000000 0.000000 0.000000 1.000000
0.733196 0.586364 0.344384 80.762611 -0.664854 0.511771 0.544114 18.341780 0.142803 -0.627908 0.765074 -12.665652 0.000000 0.000000 0.000000 1.000000
0.737749 0.590916 0.326412 80.025330 -0.658550 0.523636 0.540479 18.294430 0.148457 -0.613696 0.775459 -12.647350 0.000000 0.000000 0.000000 1.000000
0.740811 0.597689 0.306542 79.436829 -0.653700 0.536513 0.533695 18.302643 0.154520 -0.595753 0.788164 -12.703343 0.000000 0.000000 0.000000 1.000000
0.742990 0.604790 0.286695 78.950195 -0.650175 0.550517 0.523645 18.341351 0.158865 -0.575465 0.802248 -12.804059 0.000000 0.000000 0.000000 1.000000
0.744183 0.611419 0.268997 78.507233 -0.648432 0.564543 0.510712 18.414711 0.160398 -0.554490 0.816587 -12.825401 0.000000 0.000000 0.000000 1.000000
0.742840 0.619327 0.254210 78.114937 -0.649166 0.573558 0.499614 18.507521 0.163620 -0.536158 0.828108 -12.644071 0.000000 0.000000 0.000000 1.000000
0.736833 0.630212 0.244764 77.886284 -0.654866 0.575334 0.490042 18.686768 0.168009 -0.521367 0.836629 -12.473933 0.000000 0.000000 0.000000 1.000000
0.727423 0.642766 0.240223 77.908005 -0.664954 0.573886 0.478007 18.877943 0.169386 -0.507451 0.844868 -12.301901 0.000000 0.000000 0.000000 1.000000
0.720661 0.651123 0.238091 78.114037 -0.673492 0.576026 0.463252 19.021034 0.164487 -0.494200 0.853645 -12.096758 0.000000 0.000000 0.000000 1.000000
0.716698 0.655131 0.239054 78.429337 -0.680245 0.581202 0.446621 19.125389 0.153657 -0.482708 0.862196 -11.843615 0.000000 0.000000 0.000000 1.000000
0.716148 0.655493 0.239711 78.811203 -0.683448 0.588969 0.431294 19.169621 0.141528 -0.472700 0.869784 -11.580752 0.000000 0.000000 0.000000 1.000000
0.718395 0.653010 0.239764 79.195023 -0.683500 0.598511 0.417865 19.182854 0.129369 -0.464071 0.876300 -11.303936 0.000000 0.000000 0.000000 1.000000
0.721126 0.649496 0.241104 79.576805 -0.682561 0.606433 0.407859 19.177738 0.118689 -0.458686 0.880636 -10.997439 0.000000 0.000000 0.000000 1.000000
0.722786 0.645889 0.245781 79.934616 -0.683016 0.613506 0.396357 19.196476 0.105215 -0.454354 0.884586 -10.670499 0.000000 0.000000 0.000000 1.000000
0.723962 0.642233 0.251824 80.287895 -0.683788 0.619836 0.385017 19.250839 0.091181 -0.450932 0.887889 -10.401930 0.000000 0.000000 0.000000 1.000000
0.725501 0.638553 0.256707 80.527245 -0.683601 0.625473 0.376130 19.290169 0.079616 -0.448368 0.890296 -10.206615 0.000000 0.000000 0.000000 1.000000
0.727960 0.634790 0.259067 80.554733 -0.681571 0.629009 0.373910 19.296898 0.074399 -0.448764 0.890548 -10.073308 0.000000 0.000000 0.000000 1.000000
0.731228 0.630955 0.259232 80.543045 -0.678027 0.630661 0.377553 19.289448 0.074731 -0.451844 0.888962 -10.006378 0.000000 0.000000 0.000000 1.000000
0.734420 0.627333 0.258998 80.528381 -0.674262 0.630863 0.383904 19.269844 0.077444 -0.456579 0.886306 -10.032988 0.000000 0.000000 0.000000 1.000000
0.736860 0.624846 0.258080 80.517410 -0.670887 0.628788 0.393111 19.234715 0.083356 -0.462810 0.882530 -10.116076 0.000000 0.000000 0.000000 1.000000
0.738570 0.623493 0.256456 80.510132 -0.667853 0.624660 0.404688 19.186909 0.092123 -0.470166 0.877757 -10.197664 0.000000 0.000000 0.000000 1.000000
0.739702 0.623317 0.253607 80.506783 -0.664757 0.618262 0.419345 19.126888 0.104590 -0.478777 0.871684 -10.280410 0.000000 0.000000 0.000000 1.000000
0.740168 0.624310 0.249777 80.507790 -0.661763 0.610436 0.435245 19.059149 0.119255 -0.487447 0.864970 -10.357555 0.000000 0.000000 0.000000 1.000000
0.740213 0.626064 0.245211 80.510239 -0.658541 0.601462 0.452290 18.986542 0.135677 -0.496273 0.857499 -10.429410 0.000000 0.000000 0.000000 1.000000
0.740369 0.628024 0.239668 80.512161 -0.654574 0.592456 0.469605 18.910927 0.152930 -0.504561 0.849724 -10.493144 0.000000 0.000000 0.000000 1.000000
0.740297 0.630185 0.234151 80.514137 -0.650501 0.583529 0.486151 18.831005 0.169731 -0.512212 0.841921 -10.548704 0.000000 0.000000 0.000000 1.000000
0.739632 0.632612 0.229665 80.516792 -0.647209 0.574995 0.500502 18.739765 0.184568 -0.518828 0.834717 -10.594236 0.000000 0.000000 0.000000 1.000000
0.738144 0.635375 0.226808 80.521675 -0.646317 0.569599 0.507772 18.664135 0.193436 -0.521398 0.831099 -10.613642 0.000000 0.000000 0.000000 1.000000
0.736474 0.638085 0.224621 80.527061 -0.646709 0.566727 0.510478 18.615063 0.198430 -0.521218 0.830035 -10.614858 0.000000 0.000000 0.000000 1.000000
0.734823 0.640594 0.222875 80.530777 -0.647355 0.564338 0.512303 18.575741 0.202402 -0.520732 0.829380 -10.611617 0.000000 0.000000 0.000000 1.000000
0.733193 0.642937 0.221497 80.534729 -0.648221 0.562351 0.513392 18.540691 0.205520 -0.519994 0.829077 -10.605030 0.000000 0.000000 0.000000 1.000000
0.731581 0.645142 0.220412 80.538734 -0.649267 0.560689 0.513888 18.509354 0.207948 -0.519057 0.829058 -10.596154 0.000000 0.000000 0.000000 1.000000
0.729985 0.647240 0.219550 80.543427 -0.650450 0.559274 0.513933 18.481712 0.209850 -0.517970 0.829259 -10.585757 0.000000 0.000000 0.000000 1.000000
0.728392 0.649273 0.218836 80.548286 -0.651732 0.558019 0.513674 18.457355 0.211400 -0.516778 0.829609 -10.574049 0.000000 0.000000 0.000000 1.000000
0.726798 0.651271 0.218199 80.553772 -0.653067 0.556845 0.513251 18.436634 0.212763 -0.515528 0.830038 -10.562113 0.000000 0.000000 0.000000 1.000000
0.725196 0.653264 0.217570 80.560020 -0.654409 0.555676 0.512810 18.418747 0.214102 -0.514267 0.830475 -10.550444 0.000000 0.000000 0.000000 1.000000
0.723581 0.655281 0.216880 80.567047 -0.655710 0.554434 0.512492 18.404045 0.215580 -0.513040 0.830852 -10.539755 0.000000 0.000000 0.000000 1.000000
0.721949 0.657348 0.216062 80.575905 -0.656920 0.553046 0.512441 18.391832 0.217360 -0.511892 0.831096 -10.531160 0.000000 0.000000 0.000000 1.000000
0.720572 0.659166 0.215119 80.591209 -0.657792 0.551740 0.512730 18.381479 0.219285 -0.510963 0.831163 -10.533442 0.000000 0.000000 0.000000 1.000000</float_array><technique_common><accessor source="#mixamorig_Hips-Matrix-animation-output-transform-array" count="100" stride="16"><param type="float4x4"/></accessor></technique_common></source><source id="mixamorig_Hips-Interpolations"><Name_array id="mixamorig_Hips-Interpolations-array" count="100">
 LINEAR LINEAR LINEAR LINEAR LINEAR LINEAR LINEAR LINEAR LINEAR LINEAR LINEAR
LINEAR LINEAR LINEAR LINEAR LINEAR LINEAR LINEAR LINEAR LINEAR LINEAR LINEAR LINEAR
LINEAR LINEAR LINEAR LINEAR LINEAR LINEAR LINEAR LINEAR LINEAR LINEAR LINEAR LINEAR
LINEAR LINEAR LINEAR LINEAR LINEAR LINEAR LINEAR LINEAR LINEAR LINEAR LINEAR LINEAR
LINEAR LINEAR LINEAR LINEAR LINEAR LINEAR LINEAR LINEAR LINEAR LINEAR LINEAR LINEAR
LINEAR LINEAR LINEAR LINEAR LINEAR LINEAR LINEAR LINEAR LINEAR LINEAR LINEAR LINEAR
LINEAR LINEAR LINEAR LINEAR LINEAR LINEAR LINEAR LINEAR LINEAR LINEAR LINEAR LINEAR
LINEAR LINEAR LINEAR LINEAR LINEAR LINEAR LINEAR LINEAR LINEAR LINEAR LINEAR LINEAR
LINEAR LINEAR LINEAR LINEAR LINEAR</Name_array><technique_common><accessor source="#mixamorig_Hips-Interpolations-array" count="100"><param type="name"/></accessor></technique_common></source><sampler id="mixamorig_Hips-Matrix-animation-transform"><input semantic="INPUT" source="#mixamorig_Hips-Matrix-animation-input"/><input semantic="OUTPUT" source="#mixamorig_Hips-Matrix-animation-output-transform"/><input semantic="INTERPOLATION" source="#mixamorig_Hips-Interpolations"/></sampler><channel source="#mixamorig_Hips-Matrix-animation-transform" target="mixamorig_Hips/matrix"/></animation>
    <animation id="mixamorig_Spine-anim" name="mixamorig_Spine"><source id="mixamorig_Spine-Matrix-animation-input"><float_array id="mixamorig_Spine-Matrix-animation-input-array" count="100">

0.000000 0.033333 0.066667 0.100000 0.133333 0.166667 0.200000 0.233333 0.266667 0.300000 0.333333 0.366667 0.400000 0.433333 0.466667 0.500000
0.533333 0.566667 0.600000 0.633333 0.666667 0.700000 0.733333 0.766667 0.800000 0.833333 0.866667 0.900000 0.933333 0.966667 1.000000 1.033333
1.066667 1.100000 1.133333 1.166667 1.200000 1.233333 1.266667 1.300000 1.333333 1.366667 1.400000 1.433333 1.466667 1.500000 1.533333 1.566667
1.600000 1.633333 1.666667 1.700000 1.733333 1.766667 1.800000 1.833333 1.866667 1.900000 1.933333 1.966667 2.000000 2.033333 2.066667 2.100000
2.133333 2.166667 2.200000 2.233333 2.266667 2.300000 2.333333 2.366667 2.400000 2.433333 2.466667 2.500000 2.533333 2.566667 2.600000 2.633333
2.666667 2.700000 2.733333 2.766667 2.800000 2.833333 2.866667 2.900000 2.933333 2.966667 3.000000 3.033333 3.066667 3.100000 3.133333 3.166667
3.200000 3.233333 3.266667 3.300000</float_array><technique_common><accessor source="#mixamorig_Spine-Matrix-animation-input-array" count="100"><param name="TIME" type="float"/></accessor></technique_common></source><source id="mixamorig_Spine-Matrix-animation-output-transform"><float_array id="mixamorig_Spine-Matrix-animation-output-transform-array" count="1600">

0.999877 -0.014011 0.007006 0.000000 0.013946 0.999859 0.009329 10.729900 -0.007135 -0.009230 0.999932 -1.090300 0.000000 0.000000 0.000000 1.000000
0.999755 -0.020558 0.008233 0.000000 0.020909 0.998763 -0.045111 10.729900 -0.007295 0.045272 0.998948 -1.090300 0.000000 0.000000 0.000000 1.000000
0.999569 -0.028711 0.006181 0.000000 0.029333 0.986365 -0.161936 10.729900 -0.001448 0.162047 0.986782 -1.090300 0.000000 0.000000 0.000000 1.000000
0.999740 -0.017145 -0.015040 0.000000 0.013010 0.970349 -0.241356 10.729900 0.018732 0.241097 0.970320 -1.090300 0.000000 0.000000 0.000000 1.000000
0.998494 -0.046724 -0.028759 0.000000 0.037651 0.964805 -0.260257 10.729900 0.039907 0.258782 0.965111 -1.090300 0.000000 0.000000 0.000000 1.000000
0.996806 -0.076184 -0.023934 0.000000 0.067427 0.963552 -0.258886 10.729900 0.042785 0.256446 0.965611 -1.090300 0.000000 0.000000 0.000000 1.000000
0.997567 -0.069635 -0.003203 0.000000 0.066332 0.962370 -0.263524 10.729900 0.021433 0.262671 0.964647 -1.090300 0.000000 0.000000 0.000000 1.000000
0.996552 -0.082137 0.011748 -0.000000 0.082170 0.957315 -0.277119 10.729900 0.011515 0.277129 0.960764 -1.090300 0.000000 0.000000 0.000000 1.000000
0.995238 -0.096126 0.016136 0.000000 0.096907 0.958047 -0.269731 10.729900 0.010470 0.270011 0.962800 -1.090300 0.000000 0.000000 0.000000 1.000000
0.994550 -0.102221 0.020509 -0.000000 0.103986 0.958359 -0.265962 10.729900 0.007532 0.266645 0.963765 -1.090300 0.000000 0.000000 0.000000 1.000000
0.994310 -0.104213 0.022095 0.000000 0.106296 0.956846 -0.270457 10.729900 0.007044 0.271266 0.962479 -1.090300 0.000000 0.000000 0.000000 1.000000
0.994291 -0.105644 0.014972 0.000000 0.105701 0.956103 -0.273302 10.729900 0.014558 0.273324 0.961812 -1.090300 0.000000 0.000000 0.000000 1.000000
0.994725 -0.101721 0.013242 0.000000 0.101393 0.955425 -0.277277 10.729900 0.015553 0.277157 0.960699 -1.090300 0.000000 0.000000 0.000000 1.000000
0.996255 -0.084852 0.016647 0.000000 0.086009 0.952569 -0.291916 10.729900 0.008913 0.292254 0.956299 -1.090300 0.000000 0.000000 0.000000 1.000000
0.997627 -0.066052 0.019408 0.000000 0.068814 0.948432 -0.309421 10.729900 0.002031 0.310022 0.950727 -1.090300 0.000000 0.000000 0.000000 1.000000
0.998566 -0.050718 0.017155 0.000000 0.053540 0.944252 -0.324840 10.729900 0.000276 0.325293 0.945613 -1.090300 0.000000 0.000000 0.000000 1.000000
0.999116 -0.040256 0.012134 0.000000 0.041982 0.939326 -0.340448 10.729900 0.002307 0.340657 0.940185 -1.090300 0.000000 0.000000 0.000000 1.000000
0.999375 -0.033872 0.010071 0.000000 0.035253 0.935865 -0.350591 10.729900 0.002450 0.350727 0.936474 -1.090300 0.000000 0.000000 0.000000 1.000000
0.999498 -0.030494 0.008623 0.000000 0.031566 0.933920 -0.356085 10.729900 0.002806 0.356179 0.934414 -1.090300 0.000000 0.000000 0.000000 1.000000
0.999470 -0.031511 0.008168 0.000000 0.032339 0.932421 -0.359923 10.729900 0.003725 0.359996 0.932946 -1.090300 0.000000 0.000000 0.000000 1.000000
0.999326 -0.035786 0.008210 0.000000 0.036340 0.932106 -0.360357 10.729900 0.005243 0.360413 0.932778 -1.090300 0.000000 0.000000 0.000000 1.000000
0.999092 -0.041914 0.007648 0.000000 0.041881 0.933185 -0.356948 10.729900 0.007824 0.356944 0.934093 -1.090300 0.000000 0.000000 0.000000 1.000000
0.998856 -0.047337 0.006809 0.000000 0.046716 0.935284 -0.350801 10.729900 0.010237 0.350717 0.936425 -1.090300 0.000000 0.000000 0.000000 1.000000
0.998588 -0.052679 0.006797 -0.000000 0.051798 0.937468 -0.344196 10.729900 0.011760 0.344062 0.938873 -1.090300 0.000000 0.000000 0.000000 1.000000
0.998292 -0.057545 0.010043 0.000000 0.057533 0.938821 -0.339566 10.729900 0.010112 0.339564 0.940529 -1.090300 0.000000 0.000000 0.000000 1.000000
0.997984 -0.062071 0.013264 0.000000 0.062874 0.938154 -0.340461 10.729900 0.008689 0.340608 0.940165 -1.090300 0.000000 0.000000 0.000000 1.000000
0.997728 -0.065708 0.014880 0.000000 0.066836 0.937538 -0.341402 10.729900 0.008482 0.341620 0.939800 -1.090300 0.000000 0.000000 0.000000 1.000000
0.997554 -0.068138 0.015596 0.000000 0.069374 0.937779 -0.340231 10.729900 0.008557 0.340481 0.940213 -1.090300 0.000000 0.000000 0.000000 1.000000
0.997432 -0.069899 0.015596 0.000000 0.071017 0.937189 -0.341515 10.729900 0.009255 0.341746 0.939747 -1.090300 0.000000 0.000000 0.000000 1.000000
0.997378 -0.070769 0.015156 0.000000 0.071611 0.934658 -0.348261 10.729900 0.010480 0.348433 0.937275 -1.090300 0.000000 0.000000 0.000000 1.000000
0.997415 -0.070266 0.015023 -0.000000 0.070999 0.931597 -0.356492 10.729900 0.011054 0.356637 0.934178 -1.090300 0.000000 0.000000 0.000000 1.000000
0.997539 -0.068632 0.014360 0.000000 0.069166 0.929482 -0.362325 10.729900 0.011520 0.362427 0.931941 -1.090300 0.000000 0.000000 0.000000 1.000000
0.997695 -0.066465 0.013683 0.000000 0.066896 0.929494 -0.362721 10.729900 0.011391 0.362800 0.931797 -1.090300 0.000000 0.000000 0.000000 1.000000
0.997854 -0.064084 0.013458 0.000000 0.064640 0.931143 -0.358880 10.729900 0.010467 0.358980 0.933287 -1.090300 0.000000 0.000000 0.000000 1.000000
0.997980 -0.061938 0.014159 0.000000 0.062913 0.932248 -0.356307 10.729900 0.008869 0.356478 0.934262 -1.090300 0.000000 0.000000 0.000000 1.000000
0.998030 -0.060830 0.015354 0.000000 0.062249 0.929673 -0.363088 10.729900 0.007812 0.363329 0.931628 -1.090300 0.000000 0.000000 0.000000 1.000000
0.997998 -0.061171 0.016071 0.000000 0.062692 0.923190 -0.379196 10.729900 0.008359 0.379445 0.925177 -1.090300 0.000000 0.000000 0.000000 1.000000
0.997830 -0.063152 0.018648 0.000000 0.065485 0.922055 -0.381479 10.729900 0.006896 0.381872 0.924189 -1.090300 0.000000 0.000000 0.000000 1.000000
0.997421 -0.068547 0.021252 -0.000000 0.071493 0.923238 -0.377518 10.729900 0.006257 0.378064 0.925758 -1.090300 0.000000 0.000000 0.000000 1.000000
0.996746 -0.076786 0.024531 -0.000000 0.080477 0.930538 -0.357243 10.729900 0.004604 0.358054 0.933689 -1.090300 0.000000 0.000000 0.000000 1.000000
0.995908 -0.086905 0.024785 0.000000 0.090217 0.940115 -0.328702 10.729900 0.005265 0.329593 0.944108 -1.090300 0.000000 0.000000 0.000000 1.000000
0.994194 -0.104446 0.025870 0.000000 0.107361 0.946809 -0.303358 10.729900 0.007190 0.304374 0.952525 -1.090300 0.000000 0.000000 0.000000 1.000000
0.994085 -0.105196 0.027013 0.000000 0.108547 0.953849 -0.279983 10.729900 0.003687 0.281259 0.959625 -1.090300 0.000000 0.000000 0.000000 1.000000
0.998483 -0.050799 0.021218 0.000000 0.054992 0.938410 -0.341119 10.729900 -0.002583 0.341769 0.939781 -1.090300 0.000000 0.000000 0.000000 1.000000
0.998511 0.038575 -0.038575 0.000000 -0.049798 0.933245 -0.355773 10.729900 0.022276 0.357164 0.933776 -1.090300 0.000000 0.000000 0.000000 1.000000
0.976220 0.207508 -0.062733 0.000000 -0.216441 0.916705 -0.335866 10.729900 -0.012187 0.341457 0.939818 -1.090300 0.000000 0.000000 0.000000 1.000000
0.930778 0.358236 -0.072935 -0.000000 -0.358324 0.854386 -0.376334 10.729900 -0.072502 0.376418 0.923609 -1.090300 0.000000 0.000000 0.000000 1.000000
0.891488 0.441154 -0.103113 0.000000 -0.443832 0.804773 -0.394149 10.729900 -0.090899 0.397144 0.913244 -1.090300 0.000000 0.000000 0.000000 1.000000
0.857257 0.497165 -0.133932 0.000000 -0.504958 0.760940 -0.407417 10.729900 -0.100639 0.416891 0.903368 -1.090300 0.000000 0.000000 0.000000 1.000000
0.824362 0.542007 -0.163266 0.000000 -0.556933 0.725004 -0.405210 10.729900 -0.101258 0.424968 0.899527 -1.090300 0.000000 0.000000 0.000000 1.000000
0.794125 0.579772 -0.182292 0.000000 -0.599719 0.698933 -0.389654 10.729900 -0.098500 0.418758 0.902740 -1.090300 0.000000 0.000000 0.000000 1.000000
0.765477 0.613756 -0.193256 0.000000 -0.636260 0.677151 -0.369648 10.729900 -0.096010 0.405918 0.908852 -1.090300 0.000000 0.000000 0.000000 1.000000
0.737884 0.645333 -0.197667 0.000000 -0.668219 0.657327 -0.348431 10.729900 -0.094922 0.389186 0.916255 -1.090300 0.000000 0.000000 0.000000 1.000000
0.721268 0.663118 -0.200118 0.000000 -0.686005 0.643936 -0.338738 10.729900 -0.095760 0.381603 0.919353 -1.090300 0.000000 0.000000 0.000000 1.000000
0.714159 0.670298 -0.201687 0.000000 -0.693411 0.638061 -0.334752 10.729900 -0.095695 0.378918 0.920469 -1.090300 0.000000 0.000000 0.000000 1.000000
0.711376 0.673484 -0.200908 0.000000 -0.696337 0.636695 -0.331261 10.729900 -0.095182 0.375550 0.921902 -1.090300 0.000000 0.000000 0.000000 1.000000
0.711422 0.674449 -0.197477 0.000000 -0.696228 0.638166 -0.328650 10.729900 -0.095635 0.371298 0.923575 -1.090300 0.000000 0.000000 0.000000 1.000000
0.712801 0.673979 -0.194081 0.000000 -0.694767 0.640649 -0.326907 10.729900 -0.095991 0.367861 0.924913 -1.090300 0.000000 0.000000 0.000000 1.000000
0.714968 0.672872 -0.189906 -0.000000 -0.692700 0.644904 -0.322900 10.729900 -0.094799 0.362411 0.927184 -1.090300 0.000000 0.000000 0.000000 1.000000
0.717408 0.671639 -0.185004 0.000000 -0.690299 0.649555 -0.318694 10.729900 -0.093877 0.356342 0.929628 -1.090300 0.000000 0.000000 0.000000 1.000000
0.720596 0.670197 -0.177701 -0.000000 -0.687190 0.656235 -0.311648 10.729900 -0.092252 0.346687 0.933433 -1.090300 0.000000 0.000000 0.000000 1.000000
0.724659 0.668449 -0.167467 -0.000000 -0.682941 0.664202 -0.304018 10.729900 -0.091989 0.334680 0.937831 -1.090300 0.000000 0.000000 0.000000 1.000000
0.729872 0.666091 -0.153655 -0.000000 -0.676777 0.672469 -0.299598 10.729900 -0.096232 0.322658 0.941611 -1.090300 0.000000 0.000000 0.000000 1.000000
0.735768 0.662756 -0.139286 0.000000 -0.669502 0.680828 -0.297051 10.729900 -0.102043 0.311812 0.944648 -1.090300 0.000000 0.000000 0.000000 1.000000
0.741555 0.658777 -0.126924 0.000000 -0.661933 0.687623 -0.298361 10.729900 -0.109277 0.305266 0.945976 -1.090300 0.000000 0.000000 0.000000 1.000000
0.747341 0.654032 -0.117143 0.000000 -0.653891 0.692665 -0.304370 10.729900 -0.117927 0.304068 0.945323 -1.090300 0.000000 0.000000 0.000000 1.000000
0.752887 0.648500 -0.112289 0.000000 -0.646350 0.696385 -0.311895 10.729900 -0.124068 0.307400 0.943458 -1.090300 0.000000 0.000000 0.000000 1.000000
0.760287 0.639907 -0.111724 0.000000 -0.636025 0.698358 -0.328280 10.729900 -0.132046 0.320647 0.937950 -1.090300 0.000000 0.000000 0.000000 1.000000
0.764653 0.634134 -0.114799 0.000000 -0.629731 0.697404 -0.342151 10.729900 -0.136908 0.333919 0.932606 -1.090300 0.000000 0.000000 0.000000 1.000000
0.762443 0.635898 -0.119641 0.000000 -0.632168 0.692622 -0.347330 10.729900 -0.138001 0.340453 0.930079 -1.090300 0.000000 0.000000 0.000000 1.000000
0.759085 0.638808 -0.125355 0.000000 -0.636335 0.687477 -0.349934 10.729900 -0.137362 0.345397 0.928349 -1.090300 0.000000 0.000000 0.000000 1.000000
0.756425 0.640865 -0.130815 -0.000000 -0.639988 0.683883 -0.350314 10.729900 -0.135042 0.348707 0.927452 -1.090300 0.000000 0.000000 0.000000 1.000000
0.754014 0.642482 -0.136671 -0.000000 -0.643534 0.680857 -0.349710 10.729900 -0.131630 0.351639 0.926835 -1.090300 0.000000 0.000000 0.000000 1.000000
0.752004 0.643564 -0.142536 0.000000 -0.646752 0.678635 -0.348089 10.729900 -0.127287 0.353950 0.926562 -1.090300 0.000000 0.000000 0.000000 1.000000
0.751193 0.643275 -0.148008 0.000000 -0.648565 0.677586 -0.346756 10.729900 -0.122772 0.356474 0.926204 -1.090300 0.000000 0.000000 0.000000 1.000000
0.750746 0.642819 -0.152200 0.000000 -0.649930 0.677533 -0.344296 10.729900 -0.118200 0.357398 0.926442 -1.090300 0.000000 0.000000 0.000000 1.000000
0.747595 0.645937 -0.154491 0.000000 -0.653731 0.674625 -0.342808 10.729900 -0.117209 0.357277 0.926615 -1.090300 0.000000 0.000000 0.000000 1.000000
0.743805 0.650127 -0.155207 0.000000 -0.658566 0.673154 -0.336384 10.729900 -0.114213 0.352418 0.928847 -1.090300 0.000000 0.000000 0.000000 1.000000
0.739378 0.655612 -0.153275 0.000000 -0.663729 0.671510 -0.329451 10.729900 -0.113066 0.345321 0.931649 -1.090300 0.000000 0.000000 0.000000 1.000000
0.736623 0.659437 -0.150098 0.000000 -0.667271 0.672507 -0.320131 10.729900 -0.110164 0.335972 0.935407 -1.090300 0.000000 0.000000 0.000000 1.000000
0.733972 0.663270 -0.146142 0.000000 -0.670553 0.673491 -0.311077 10.729900 -0.107903 0.326317 0.939081 -1.090300 0.000000 0.000000 0.000000 1.000000
0.732328 0.666088 -0.141502 -0.000000 -0.672710 0.675439 -0.302065 10.729900 -0.105626 0.316400 0.942727 -1.090300 0.000000 0.000000 0.000000 1.000000
0.730578 0.669249 -0.135503 0.000000 -0.674733 0.677091 -0.293740 10.729900 -0.104837 0.306029 0.946232 -1.090300 0.000000 0.000000 0.000000 1.000000
0.729618 0.671567 -0.129053 0.000000 -0.675802 0.679198 -0.286325 10.729900 -0.104634 0.296122 0.949402 -1.090300 0.000000 0.000000 0.000000 1.000000
0.729059 0.673283 -0.123137 -0.000000 -0.676554 0.681640 -0.278643 10.729900 -0.103670 0.286456 0.952468 -1.090300 0.000000 0.000000 0.000000 1.000000
0.728699 0.674596 -0.117974 0.000000 -0.677256 0.684306 -0.270275 10.729900 -0.101596 0.276848 0.955528 -1.090300 0.000000 0.000000 0.000000 1.000000
0.728614 0.675448 -0.113540 0.000000 -0.677777 0.687150 -0.261615 10.729900 -0.098688 0.267572 0.958471 -1.090300 0.000000 0.000000 0.000000 1.000000
0.728966 0.675731 -0.109522 -0.000000 -0.677930 0.690422 -0.252445 10.729900 -0.094968 0.258272 0.961393 -1.090300 0.000000 0.000000 0.000000 1.000000
0.729943 0.675232 -0.106046 0.000000 -0.677689 0.694761 -0.240926 10.729900 -0.089004 0.247728 0.964733 -1.090300 0.000000 0.000000 0.000000 1.000000
0.731548 0.673803 -0.104052 0.000000 -0.676754 0.699125 -0.230711 10.729900 -0.082708 0.239194 0.967443 -1.090300 0.000000 0.000000 0.000000 1.000000
0.733406 0.672140 -0.101709 0.000000 -0.675360 0.703368 -0.221726 10.729900 -0.077492 0.231305 0.969790 -1.090300 0.000000 0.000000 0.000000 1.000000
0.735352 0.670434 -0.098875 0.000000 -0.673653 0.707261 -0.214415 10.729900 -0.073821 0.224278 0.971725 -1.090300 0.000000 0.000000 0.000000 1.000000
0.737374 0.668587 -0.096284 0.000000 -0.671796 0.710983 -0.207829 10.729900 -0.070495 0.217931 0.973415 -1.090300 0.000000 0.000000 0.000000 1.000000
0.739272 0.666737 -0.094548 -0.000000 -0.670048 0.714293 -0.202041 10.729900 -0.067173 0.212714 0.974803 -1.090300 0.000000 0.000000 0.000000 1.000000
0.741207 0.664847 -0.092682 0.000000 -0.668232 0.717646 -0.196086 10.729900 -0.063854 0.207274 0.976197 -1.090300 0.000000 0.000000 0.000000 1.000000
0.743196 0.662840 -0.091121 0.000000 -0.666437 0.721288 -0.188693 10.729900 -0.059349 0.200962 0.977799 -1.090300 0.000000 0.000000 0.000000 1.000000
0.745316 0.660674 -0.089517 0.000000 -0.664447 0.725001 -0.181338 10.729900 -0.054905 0.194634 0.979338 -1.090300 0.000000 0.000000 0.000000 1.000000
0.747512 0.658402 -0.087933 -0.000000 -0.662267 0.728508 -0.175150 10.729900 -0.051259 0.189162 0.980607 -1.090300 0.000000 0.000000 0.000000 1.000000
0.749677 0.656142 -0.086382 0.000000 -0.659974 0.731508 -0.171261 10.729900 -0.049182 0.185400 0.981432 -1.090300 0.000000 0.000000 0.000000 1.000000
0.751511 0.654219 -0.085023 0.000000 -0.657875 0.733527 -0.170700 10.729900 -0.049309 0.184217 0.981648 -1.090300 0.000000 0.000000 0.000000 1.000000</float_array><technique_common><accessor source="#mixamorig_Spine-Matrix-animation-output-transform-array" count="100" stride="16"><param type="float4x4"/></accessor></technique_common></source><source id="mixamorig_Spine-Interpolations"><Name_array id="mixamorig_Spine-Interpolations-array" count="100">
 LINEAR LINEAR LINEAR LINEAR LINEAR LINEAR LINEAR LINEAR LINEAR LINEAR LINEAR
LINEAR LINEAR LINEAR LINEAR LINEAR LINEAR LINEAR LINEAR LINEAR LINEAR LINEAR LINEAR
LINEAR LINEAR LINEAR LINEAR LINEAR LINEAR LINEAR LINEAR LINEAR LINEAR LINEAR LINEAR
LINEAR LINEAR LINEAR LINEAR LINEAR LINEAR LINEAR LINEAR LINEAR LINEAR LINEAR LINEAR
LINEAR LINEAR LINEAR LINEAR LINEAR LINEAR LINEAR LINEAR LINEAR LINEAR LINEAR LINEAR
LINEAR LINEAR LINEAR LINEAR LINEAR LINEAR LINEAR LINEAR LINEAR LINEAR LINEAR LINEAR
LINEAR LINEAR LINEAR LINEAR LINEAR LINEAR LINEAR LINEAR LINEAR LINEAR LINEAR LINEAR
LINEAR LINEAR LINEAR LINEAR LINEAR LINEAR LINEAR LINEAR LINEAR LINEAR LINEAR LINEAR
LINEAR LINEAR LINEAR LINEAR LINEAR</Name_array><technique_common><accessor source="#mixamorig_Spine-Interpolations-array" count="100"><param type="name"/></accessor></technique_common></source><sampler id="mixamorig_Spine-Matrix-animation-transform"><input semantic="INPUT" source="#mixamorig_Spine-Matrix-animation-input"/><input semantic="OUTPUT" source="#mixamorig_Spine-Matrix-animation-output-transform"/><input semantic="INTERPOLATION" source="#mixamorig_Spine-Interpolations"/></sampler><channel source="#mixamorig_Spine-Matrix-animation-transform" target="mixamorig_Spine/matrix"/></animation>
    <animation id="mixamorig_Spine1-anim" name="mixamorig_Spine1"><source id="mixamorig_Spine1-Matrix-animation-input"><float_array id="mixamorig_Spine1-Matrix-animation-input-array" count="100">

0.000000 0.033333 0.066667 0.100000 0.133333 0.166667 0.200000 0.233333 0.266667 0.300000 0.333333 0.366667 0.400000 0.433333 0.466667 0.500000
0.533333 0.566667 0.600000 0.633333 0.666667 0.700000 0.733333 0.766667 0.800000 0.833333 0.866667 0.900000 0.933333 0.966667 1.000000 1.033333
1.066667 1.100000 1.133333 1.166667 1.200000 1.233333 1.266667 1.300000 1.333333 1.366667 1.400000 1.433333 1.466667 1.500000 1.533333 1.566667
1.600000 1.633333 1.666667 1.700000 1.733333 1.766667 1.800000 1.833333 1.866667 1.900000 1.933333 1.966667 2.000000 2.033333 2.066667 2.100000
2.133333 2.166667 2.200000 2.233333 2.266667 2.300000 2.333333 2.366667 2.400000 2.433333 2.466667 2.500000 2.533333 2.566667 2.600000 2.633333
2.666667 2.700000 2.733333 2.766667 2.800000 2.833333 2.866667 2.900000 2.933333 2.966667 3.000000 3.033333 3.066667 3.100000 3.133333 3.166667
3.200000 3.233333 3.266667 3.300000</float_array><technique_common><accessor source="#mixamorig_Spine1-Matrix-animation-input-array" count="100"><param name="TIME" type="float"/></accessor></technique_common></source><source id="mixamorig_Spine1-Matrix-animation-output-transform"><float_array id="mixamorig_Spine1-Matrix-animation-output-transform-array" count="1600">

0.999795 -0.007178 0.018925 -0.000000 0.008768 0.996318 -0.085280 12.582700 -0.018244 0.085428 0.996177 0.000000 0.000000 0.000000 0.000000 1.000000
0.999811 -0.014194 0.013306 0.000000 0.015382 0.995462 -0.093903 12.582700 -0.011913 0.094090 0.995492 0.000000 0.000000 0.000000 0.000000 1.000000
0.999355 -0.034705 -0.009197 0.000000 0.033383 0.992487 -0.117711 12.582700 0.013213 0.117328 0.993005 0.000000 0.000000 0.000000 0.000000 1.000000
0.995439 -0.072033 -0.062554 0.000000 0.061501 0.985769 -0.156452 12.582700 0.072933 0.151891 0.985703 0.000000 0.000000 0.000000 0.000000 1.000000
0.986974 -0.130842 -0.093610 0.000000 0.110137 0.973652 -0.199681 12.582700 0.117270 0.186770 0.975379 -0.000000 0.000000 0.000000 0.000000 1.000000
0.981969 -0.165962 -0.090520 0.000000 0.140807 0.961607 -0.235555 12.582700 0.126138 0.218561 0.967636 0.000000 0.000000 0.000000 0.000000 1.000000
0.980896 -0.183593 -0.064321 0.000000 0.162086 0.954149 -0.251649 12.582700 0.107572 0.236416 0.965679 -0.000000 0.000000 0.000000 0.000000 1.000000
0.986047 -0.162173 -0.037569 0.000000 0.146983 0.954121 -0.260861 12.582700 0.078150 0.251699 0.964645 0.000000 0.000000 0.000000 0.000000 1.000000
0.987297 -0.156464 -0.027634 0.000000 0.143425 0.952482 -0.268715 12.582700 0.068365 0.261338 0.962823 -0.000000 0.000000 0.000000 0.000000 1.000000
0.988187 -0.152080 -0.018936 0.000000 0.141068 0.950927 -0.275388 12.582700 0.059888 0.269463 0.961147 0.000000 0.000000 0.000000 0.000000 1.000000
0.988914 -0.147754 -0.014767 0.000000 0.137617 0.949315 -0.282599 12.582700 0.055774 0.277434 0.959124 -0.000000 0.000000 0.000000 0.000000 1.000000
0.989512 -0.143220 -0.018819 0.000000 0.131636 0.947690 -0.290783 12.582700 0.059480 0.285256 0.956604 0.000000 0.000000 0.000000 0.000000 1.000000
0.990441 -0.136953 -0.016467 -0.000000 0.125943 0.946530 -0.297017 12.582700 0.056263 0.292104 0.954730 0.000000 0.000000 0.000000 0.000000 1.000000
0.992051 -0.125635 -0.007076 0.000000 0.117738 0.946603 -0.300134 12.582700 0.044406 0.296915 0.953871 0.000000 0.000000 0.000000 0.000000 1.000000
0.993099 -0.117279 -0.000449 0.000000 0.111892 0.948616 -0.295986 12.582700 0.035139 0.293893 0.955192 -0.000000 0.000000 0.000000 0.000000 1.000000
