<?xml version="1.0" encoding="utf-8"?>
<COLLADA xmlns="http://www.collada.org/2005/11/COLLADASchema" version="1.4.1">
  <asset><contributor><author>Mixamo</author><authoring_tool>COLLADA Mixamo exporter</authoring_tool><comments></comments></contributor><created>2020-06-22T11:57:31Z</created><modified>2020-06-22T11:57:31Z</modified><revision></revision><title></title><unit meter="0.010000"/><up_axis>Y_UP</up_axis></asset>
  <library_animations>
    <animation id="mixamorig_Hips-anim" name="mixamorig_Hips"><source id="mixamorig_Hips-Matrix-animation-input"><float_array id="mixamorig_Hips-Matrix-animation-input-array" count="86">

0.000000 0.033333 0.066667 0.100000 0.133333 0.166667 0.200000 0.233333 0.266667 0.300000 0.333333 0.366667 0.400000 0.433333 0.466667 0.500000
0.533333 0.566667 0.600000 0.633333 0.666667 0.700000 0.733333 0.766667 0.800000 0.833333 0.866667 0.900000 0.933333 0.966667 1.000000 1.033333
1.066667 1.100000 1.133333 1.166667 1.200000 1.233333 1.266667 1.300000 1.333333 1.366667 1.400000 1.433333 1.466667 1.500000 1.533333 1.566667
1.600000 1.633333 1.666667 1.700000 1.733333 1.766667 1.800000 1.833333 1.866667 1.900000 1.933333 1.966667 2.000000 2.033333 2.066667 2.100000
2.133333 2.166667 2.200000 2.233333 2.266667 2.300000 2.333333 2.366667 2.400000 2.433333 2.466667 2.500000 2.533333 2.566667 2.600000 2.633333
2.666667 2.700000 2.733333 2.766667 2.800000 2.833333</float_array><technique_common><accessor source="#mixamorig_Hips-Matrix-animation-input-array" count="86"><param name="TIME" type="float"/></accessor></technique_common></source><source id="mixamorig_Hips-Matrix-animation-output-transform"><float_array id="mixamorig_Hips-Matrix-animation-output-transform-array" count="1376">

0.958822 0.042067 -0.280875 0.136376 -0.030710 0.998528 0.044715 85.908562 0.282342 -0.034249 0.958702 -0.047614 0.000000 0.000000 0.000000 1.000000
0.958870 0.042374 -0.280665 0.142589 -0.030753 0.998483 0.045683 85.930725 0.282175 -0.035173 0.958718 -0.041157 0.000000 0.000000 0.000000 1.000000
0.958943 0.042720 -0.280364 0.149652 -0.030799 0.998430 0.046792 85.956390 0.281922 -0.036236 0.958753 -0.035800 0.000000 0.000000 0.000000 1.000000
0.958932 0.043020 -0.280354 0.150528 -0.030812 0.998381 0.047810 85.983879 0.281957 -0.037208 0.958705 -0.032349 0.000000 0.000000 0.000000 1.000000
0.958789 0.043157 -0.280823 0.142241 -0.030779 0.998356 0.048345 86.007538 0.282448 -0.037709 0.958541 -0.028981 0.000000 0.000000 0.000000 1.000000
0.958640 0.043245 -0.281315 0.132851 -0.030765 0.998343 0.048631 86.024559 0.282952 -0.037965 0.958382 -0.024862 0.000000 0.000000 0.000000 1.000000
0.958588 0.043256 -0.281493 0.120433 -0.030681 0.998331 0.048928 86.031235 0.283140 -0.038266 0.958315 -0.031866 0.000000 0.000000 0.000000 1.000000
0.958676 0.043111 -0.281216 0.101597 -0.030509 0.998331 0.049038 86.024658 0.282861 -0.038432 0.958391 -0.071069 0.000000 0.000000 0.000000 1.000000
0.958848 0.042821 -0.280673 0.079467 -0.030331 0.998353 0.048696 86.002571 0.282296 -0.038179 0.958567 -0.154700 0.000000 0.000000 0.000000 1.000000
0.958992 0.042581 -0.280215 0.060649 -0.030234 0.998378 0.048240 85.968140 0.281815 -0.037790 0.958724 -0.281242 0.000000 0.000000 0.000000 1.000000
0.959005 0.042359 -0.280205 0.046537 -0.030155 0.998405 0.047725 85.920197 0.281780 -0.037319 0.958753 -0.436908 0.000000 0.000000 0.000000 1.000000
0.958857 0.041928 -0.280778 0.031061 -0.029810 0.998436 0.047292 85.858871 0.282322 -0.036976 0.958607 -0.603909 0.000000 0.000000 0.000000 1.000000
0.958565 0.040970 -0.281911 0.000249 -0.028644 0.998450 0.047710 85.796005 0.283429 -0.037658 0.958253 -0.757119 0.000000 0.000000 0.000000 1.000000
0.958256 0.039507 -0.283169 -0.069120 -0.026274 0.998384 0.050381 85.762985 0.284702 -0.040838 0.957746 -0.856647 0.000000 0.000000 0.000000 1.000000
0.958259 0.037840 -0.283386 -0.202000 -0.022497 0.998109 0.057201 85.807632 0.285015 -0.048438 0.957298 -0.843569 0.000000 0.000000 0.000000 1.000000
0.958736 0.036537 -0.281940 -0.418227 -0.017359 0.997380 0.070223 85.982224 0.283767 -0.062431 0.956859 -0.652575 0.000000 0.000000 0.000000 1.000000
0.959427 0.036552 -0.279576 -0.729109 -0.011266 0.995739 0.091521 86.312355 0.281730 -0.084658 0.955752 -0.230223 0.000000 0.000000 0.000000 1.000000
0.960182 0.037976 -0.276781 -1.121911 -0.004174 0.992558 0.121704 86.771233 0.279343 -0.115702 0.953195 0.418181 0.000000 0.000000 0.000000 1.000000
0.960563 0.040037 -0.275163 -1.564860 0.005162 0.986842 0.161607 87.295631 0.278013 -0.156654 0.947717 1.261176 0.000000 0.000000 0.000000 1.000000
0.960026 0.042264 -0.276700 -2.025729 0.017901 0.977241 0.211377 87.865143 0.279337 -0.207881 0.937420 2.283836 0.000000 0.000000 0.000000 1.000000
0.958628 0.044437 -0.281174 -2.467521 0.032846 0.963876 0.264319 88.402969 0.282762 -0.262619 0.922538 3.417811 0.000000 0.000000 0.000000 1.000000
0.955911 0.045518 -0.290107 -2.888780 0.047463 0.950976 0.305601 88.707451 0.289795 -0.305896 0.906888 4.527451 0.000000 0.000000 0.000000 1.000000
0.951326 0.045362 -0.304829 -3.247538 0.058856 0.944162 0.324184 88.730438 0.302513 -0.326345 0.895536 5.420937 0.000000 0.000000 0.000000 1.000000
0.945260 0.044926 -0.323211 -3.491008 0.068771 0.940804 0.331901 88.580658 0.318989 -0.335960 0.886215 5.982751 0.000000 0.000000 0.000000 1.000000
0.938613 0.043420 -0.342227 -3.656628 0.079473 0.938146 0.336995 88.464767 0.335691 -0.343506 0.877106 6.351704 0.000000 0.000000 0.000000 1.000000
0.931890 0.040658 -0.360456 -3.787328 0.090268 0.936446 0.339000 88.429268 0.351330 -0.348449 0.868994 6.650248 0.000000 0.000000 0.000000 1.000000
0.924054 0.036681 -0.380499 -3.900112 0.102776 0.934895 0.339719 88.412209 0.368188 -0.353025 0.860123 6.955495 0.000000 0.000000 0.000000 1.000000
0.914291 0.030282 -0.403924 -3.978725 0.119249 0.932885 0.339860 88.328659 0.387106 -0.358898 0.849318 7.270838 0.000000 0.000000 0.000000 1.000000
0.902220 0.021095 -0.430759 -3.983012 0.139382 0.930940 0.337524 88.133995 0.408131 -0.364562 0.836973 7.537785 0.000000 0.000000 0.000000 1.000000
0.886552 0.008917 -0.462543 -3.894544 0.163571 0.929193 0.331429 87.797989 0.432747 -0.369487 0.822319 7.748671 0.000000 0.000000 0.000000 1.000000
0.866854 -0.005771 -0.498529 -3.716480 0.190948 0.927530 0.321289 87.320488 0.460546 -0.373704 0.805135 7.917869 0.000000 0.000000 0.000000 1.000000
0.844464 -0.021680 -0.535173 -3.466019 0.218994 0.925822 0.308051 86.723206 0.488796 -0.377338 0.786571 8.069648 0.000000 0.000000 0.000000 1.000000
0.821510 -0.037435 -0.568963 -3.156903 0.245108 0.924129 0.293100 86.032455 0.514823 -0.380242 0.768357 8.214018 0.000000 0.000000 0.000000 1.000000
0.799469 -0.052465 -0.598411 -2.795718 0.268051 0.922658 0.277220 85.271698 0.537584 -0.382034 0.751700 8.338931 0.000000 0.000000 0.000000 1.000000
0.779252 -0.066825 -0.623138 -2.387293 0.287595 0.921555 0.260818 84.466301 0.556826 -0.382454 0.737342 8.425124 0.000000 0.000000 0.000000 1.000000
0.762593 -0.080943 -0.641794 -1.925594 0.303538 0.920909 0.244525 83.658623 0.571241 -0.381281 0.726848 8.462519 0.000000 0.000000 0.000000 1.000000
0.750881 -0.095345 -0.653519 -1.395008 0.316050 0.920739 0.228805 82.912727 0.579905 -0.378350 0.721499 8.453584 0.000000 0.000000 0.000000 1.000000
0.744556 -0.110572 -0.658339 -0.783208 0.325493 0.921147 0.213408 82.293106 0.582830 -0.373179 0.721836 8.397924 0.000000 0.000000 0.000000 1.000000
0.742469 -0.127056 -0.657721 -0.085634 0.332732 0.922114 0.197475 81.833565 0.581403 -0.365463 0.726916 8.285830 0.000000 0.000000 0.000000 1.000000
0.742334 -0.144819 -0.654193 0.701983 0.338795 0.923479 0.180011 81.527748 0.578065 -0.355265 0.734594 8.104529 0.000000 0.000000 0.000000 1.000000
0.741705 -0.163315 -0.650540 1.583829 0.344432 0.924992 0.160485 81.369354 0.575535 -0.343099 0.742322 7.851217 0.000000 0.000000 0.000000 1.000000
0.739529 -0.182227 -0.647989 2.540840 0.349642 0.926596 0.138458 81.403870 0.575193 -0.328958 0.748959 7.531214 0.000000 0.000000 0.000000 1.000000
0.736269 -0.201313 -0.646050 3.515372 0.353887 0.928310 0.114039 81.691048 0.576777 -0.312592 0.754728 7.147570 0.000000 0.000000 0.000000 1.000000
0.733982 -0.219718 -0.642647 4.432499 0.356363 0.930098 0.089014 82.202850 0.578166 -0.294351 0.760974 6.702402 0.000000 0.000000 0.000000 1.000000
0.735237 -0.234757 -0.635859 5.249504 0.355842 0.932118 0.067322 82.787140 0.576891 -0.275762 0.768864 6.216962 0.000000 0.000000 0.000000 1.000000
0.740555 -0.244222 -0.626046 5.960739 0.351601 0.934745 0.051265 83.284927 0.572673 -0.258083 0.778100 5.729593 0.000000 0.000000 0.000000 1.000000
0.749072 -0.247636 -0.614465 6.572155 0.343534 0.938260 0.040662 83.648285 0.566459 -0.241548 0.787895 5.269745 0.000000 0.000000 0.000000 1.000000
0.759901 -0.246327 -0.601559 7.084427 0.332385 0.942533 0.033926 83.921875 0.558633 -0.225729 0.798108 4.841651 0.000000 0.000000 0.000000 1.000000
0.772803 -0.242618 -0.586440 7.493420 0.319624 0.947089 0.029374 84.161850 0.548284 -0.210141 0.809460 4.434022 0.000000 0.000000 0.000000 1.000000
0.787179 -0.238108 -0.568906 7.796631 0.306457 0.951535 0.025784 84.393539 0.535195 -0.194642 0.821998 4.037396 0.000000 0.000000 0.000000 1.000000
0.802140 -0.232899 -0.549845 7.996634 0.293058 0.955826 0.022666 84.622055 0.520278 -0.179318 0.834959 3.647848 0.000000 0.000000 0.000000 1.000000
0.817142 -0.226227 -0.530188 8.100855 0.278861 0.960121 0.020113 84.845055 0.504495 -0.164284 0.847641 3.263733 0.000000 0.000000 0.000000 1.000000
0.832672 -0.216865 -0.509536 8.111954 0.262797 0.964666 0.018882 85.057442 0.487438 -0.149627 0.860242 2.883290 0.000000 0.000000 0.000000 1.000000
0.849312 -0.204517 -0.486664 8.018646 0.244473 0.969465 0.019237 85.251678 0.467869 -0.135314 0.873378 2.504303 0.000000 0.000000 0.000000 1.000000
0.866851 -0.189396 -0.461191 7.798349 0.223931 0.974384 0.020751 85.413658 0.445447 -0.121263 0.887058 2.124370 0.000000 0.000000 0.000000 1.000000
0.884200 -0.171718 -0.434400 7.447555 0.201263 0.979278 0.022553 85.527420 0.421525 -0.107370 0.900438 1.739166 0.000000 0.000000 0.000000 1.000000
0.900093 -0.150806 -0.408766 6.997540 0.175812 0.984130 0.024060 85.589828 0.398650 -0.093523 0.912322 1.342587 0.000000 0.000000 0.000000 1.000000
0.914022 -0.126066 -0.385579 6.475656 0.147050 0.988806 0.025293 85.612808 0.378074 -0.079817 0.922328 0.930931 0.000000 0.000000 0.000000 1.000000
0.926093 -0.097812 -0.364396 5.868197 0.115216 0.992993 0.026275 85.629219 0.359272 -0.066317 0.930874 0.512553 0.000000 0.000000 0.000000 1.000000
0.936429 -0.067485 -0.344305 5.145559 0.081617 0.996306 0.026701 85.667503 0.341231 -0.053105 0.938478 0.108309 0.000000 0.000000 0.000000 1.000000
0.945023 -0.037250 -0.324876 4.329507 0.048272 0.998498 0.025930 85.738968 0.323422 -0.040186 0.945401 -0.255147 0.000000 0.000000 0.000000 1.000000
0.951687 -0.009535 -0.306923 3.509787 0.017483 0.999579 0.023156 85.834625 0.306573 -0.027403 0.951453 -0.554884 0.000000 0.000000 0.000000 1.000000
0.956372 0.013897 -0.291821 2.768942 -0.009006 0.999796 0.018099 85.934174 0.292013 -0.014681 0.956302 -0.776278 0.000000 0.000000 0.000000 1.000000
0.959309 0.032078 -0.280531 2.130555 -0.030083 0.999482 0.011415 86.017914 0.280752 -0.002511 0.959777 -0.912624 0.000000 0.000000 0.000000 1.000000
0.960940 0.044881 -0.273095 1.572836 -0.045263 0.998963 0.004903 86.075226 0.273032 0.007650 0.961975 -0.963253 0.000000 0.000000 0.000000 1.000000
0.961816 0.052781 -0.268558 1.113542 -0.054509 0.998513 0.001020 86.105194 0.268213 0.013658 0.963263 -0.935438 0.000000 0.000000 0.000000 1.000000
0.962416 0.056916 -0.265548 0.749066 -0.058818 0.998268 0.000788 86.118881 0.265133 0.014861 0.964097 -0.839790 0.000000 0.000000 0.000000 1.000000
0.962998 0.058008 -0.263190 0.489717 -0.059076 0.998246 0.003861 86.125763 0.262953 0.011830 0.964736 -0.692202 0.000000 0.000000 0.000000 1.000000
0.963706 0.056759 -0.260864 0.322006 -0.056407 0.998369 0.008842 86.129280 0.260940 0.006193 0.965335 -0.515250 0.000000 0.000000 0.000000 1.000000
0.964547 0.053921 -0.258345 0.212681 -0.052125 0.998545 0.013801 86.126770 0.258713 0.000154 0.965954 -0.340870 0.000000 0.000000 0.000000 1.000000
0.965344 0.050548 -0.256040 0.130639 -0.047680 0.998711 0.017398 86.114227 0.256589 -0.004587 0.966510 -0.204970 0.000000 0.000000 0.000000 1.000000
0.965909 0.047401 -0.254505 0.061212 -0.043891 0.998847 0.019456 86.090553 0.255134 -0.007622 0.966876 -0.129027 0.000000 0.000000 0.000000 1.000000
0.966137 0.044945 -0.254086 0.002420 -0.041026 0.998944 0.020705 86.056374 0.254748 -0.009580 0.966960 -0.106538 0.000000 0.000000 0.000000 1.000000
0.966000 0.043277 -0.254896 -0.042276 -0.038850 0.998994 0.022380 86.012108 0.255608 -0.011716 0.966709 -0.110581 0.000000 0.000000 0.000000 1.000000
0.965589 0.042059 -0.256648 -0.070147 -0.036795 0.999003 0.025283 85.958221 0.257456 -0.014970 0.966174 -0.120394 0.000000 0.000000 0.000000 1.000000
0.965023 0.040972 -0.258942 -0.083042 -0.034562 0.998974 0.029259 85.898872 0.259875 -0.019286 0.965450 -0.130268 0.000000 0.000000 0.000000 1.000000
0.964375 0.039923 -0.261509 -0.083025 -0.032269 0.998918 0.033498 85.843307 0.262563 -0.023866 0.964620 -0.137517 0.000000 0.000000 0.000000 1.000000
0.963492 0.039123 -0.264864 -0.063061 -0.030364 0.998851 0.037088 85.803528 0.266011 -0.027691 0.963572 -0.137833 0.000000 0.000000 0.000000 1.000000
0.962405 0.038838 -0.268827 -0.022434 -0.029236 0.998787 0.039631 85.785591 0.270040 -0.030282 0.962373 -0.129760 0.000000 0.000000 0.000000 1.000000
0.961450 0.038959 -0.272206 0.019780 -0.028820 0.998737 0.041148 85.786568 0.273465 -0.031716 0.961359 -0.114809 0.000000 0.000000 0.000000 1.000000
0.960719 0.039361 -0.274718 0.053176 -0.028893 0.998698 0.042048 85.799561 0.276016 -0.032458 0.960605 -0.098937 0.000000 0.000000 0.000000 1.000000
0.960211 0.039913 -0.276408 0.075049 -0.029241 0.998663 0.042625 85.818489 0.277740 -0.032846 0.960095 -0.085433 0.000000 0.000000 0.000000 1.000000
0.959798 0.040517 -0.277750 0.092305 -0.029704 0.998632 0.043027 85.839897 0.279114 -0.033047 0.959689 -0.074571 0.000000 0.000000 0.000000 1.000000
0.959369 0.041101 -0.279144 0.110468 -0.030154 0.998603 0.043398 85.862183 0.280537 -0.033217 0.959268 -0.065276 0.000000 0.000000 0.000000 1.000000
0.958973 0.041612 -0.280428 0.126761 -0.030494 0.998571 0.043894 85.884377 0.281854 -0.033541 0.958871 -0.056415 0.000000 0.000000 0.000000 1.000000
0.958809 0.042028 -0.280924 0.136130 -0.030689 0.998531 0.044645 85.908600 0.282388 -0.034185 0.958691 -0.047228 0.000000 0.000000 0.000000 1.000000</float_array><technique_common><accessor source="#mixamorig_Hips-Matrix-animation-output-transform-array" count="86" stride="16"><param type="float4x4"/></accessor></technique_common></source><source id="mixamorig_Hips-Interpolations"><Name_array id="mixamorig_Hips-Interpolations-array" count="86">
 LINEAR LINEAR LINEAR LINEAR LINEAR LINEAR LINEAR LINEAR LINEAR LINEAR LINEAR
LINEAR LINEAR LINEAR LINEAR LINEAR LINEAR LINEAR LINEAR LINEAR LINEAR LINEAR LINEAR
LINEAR LINEAR LINEAR LINEAR LINEAR LINEAR LINEAR LINEAR LINEAR LINEAR LINEAR LINEAR
LINEAR LINEAR LINEAR LINEAR LINEAR LINEAR LINEAR LINEAR LINEAR LINEAR LINEAR LINEAR
LINEAR LINEAR LINEAR LINEAR LINEAR LINEAR LINEAR LINEAR LINEAR LINEAR LINEAR LINEAR
LINEAR LINEAR LINEAR LINEAR LINEAR LINEAR LINEAR LINEAR LINEAR LINEAR LINEAR LINEAR
LINEAR LINEAR LINEAR LINEAR LINEAR LINEAR LINEAR LINEAR LINEAR LINEAR LINEAR LINEAR
LINEAR LINEAR LINEAR</Name_array><technique_common><accessor source="#mixamorig_Hips-Interpolations-array" count="86"><param type="name"/></accessor></technique_common></source><sampler id="mixamorig_Hips-Matrix-animation-transform"><input semantic="INPUT" source="#mixamorig_Hips-Matrix-animation-input"/><input semantic="OUTPUT" source="#mixamorig_Hips-Matrix-animation-output-transform"/><input semantic="INTERPOLATION" source="#mixamorig_Hips-Interpolations"/></sampler><channel source="#mixamorig_Hips-Matrix-animation-transform" target="mixamorig_Hips/matrix"/></animation>
    <animation id="mixamorig_Spine-anim" name="mixamorig_Spine"><source id="mixamorig_Spine-Matrix-animation-input"><float_array id="mixamorig_Spine-Matrix-animation-input-array" count="86">

0.000000 0.033333 0.066667 0.100000 0.133333 0.166667 0.200000 0.233333 0.266667 0.300000 0.333333 0.366667 0.400000 0.433333 0.466667 0.500000
0.533333 0.566667 0.600000 0.633333 0.666667 0.700000 0.733333 0.766667 0.800000 0.833333 0.866667 0.900000 0.933333 0.966667 1.000000 1.033333
1.066667 1.100000 1.133333 1.166667 1.200000 1.233333 1.266667 1.300000 1.333333 1.366667 1.400000 1.433333 1.466667 1.500000 1.533333 1.566667
1.600000 1.633333 1.666667 1.700000 1.733333 1.766667 1.800000 1.833333 1.866667 1.900000 1.933333 1.966667 2.000000 2.033333 2.066667 2.100000
2.133333 2.166667 2.200000 2.233333 2.266667 2.300000 2.333333 2.366667 2.400000 2.433333 2.466667 2.500000 2.533333 2.566667 2.600000 2.633333
2.666667 2.700000 2.733333 2.766667 2.800000 2.833333</float_array><technique_common><accessor source="#mixamorig_Spine-Matrix-animation-input-array" count="86"><param name="TIME" type="float"/></accessor></technique_common></source><source id="mixamorig_Spine-Matrix-animation-output-transform"><float_array id="mixamorig_Spine-Matrix-animation-output-transform-array" count="1376">

0.999332 0.000081 0.036552 0.000000 -0.001437 0.999311 0.037090 10.729900 -0.036524 -0.037117 0.998643 -1.090300 0.000000 0.000000 0.000000 1.000000
0.999353 0.000111 0.035955 -0.000000 -0.001512 0.999241 0.038936 10.729900 -0.035923 -0.038965 0.998595 -1.090300 0.000000 0.000000 0.000000 1.000000
0.999372 0.000125 0.035433 0.000000 -0.001572 0.999166 0.040807 10.729900 -0.035398 -0.040837 0.998539 -1.090300 0.000000 0.000000 0.000000 1.000000
0.999387 0.000158 0.035006 0.000000 -0.001650 0.999092 0.042577 10.729900 -0.034968 -0.042609 0.998480 -1.090300 0.000000 0.000000 0.000000 1.000000
0.999398 0.000255 0.034687 0.000000 -0.001778 0.999035 0.043876 10.729900 -0.034642 -0.043912 0.998435 -1.090300 0.000000 0.000000 0.000000 1.000000
0.999406 0.000408 0.034451 0.000000 -0.001968 0.998974 0.045244 10.729900 -0.034397 -0.045285 0.998382 -1.090300 0.000000 0.000000 0.000000 1.000000
0.999415 0.000534 0.034188 -0.000000 -0.002126 0.998914 0.046546 10.729900 -0.034126 -0.046592 0.998331 -1.090300 0.000000 0.000000 0.000000 1.000000
0.999425 0.000674 0.033898 0.000000 -0.002282 0.998873 0.047416 10.729900 -0.033828 -0.047466 0.998300 -1.090300 0.000000 0.000000 0.000000 1.000000
0.999427 0.000752 0.033841 0.000000 -0.002359 0.998870 0.047472 10.729900 -0.033767 -0.047524 0.998299 -1.090300 0.000000 0.000000 0.000000 1.000000
0.999421 0.000792 0.034016 0.000000 -0.002406 0.998872 0.047433 10.729900 -0.033940 -0.047487 0.998295 -1.090300 0.000000 0.000000 0.000000 1.000000
0.999401 0.000954 0.034581 0.000000 -0.002584 0.998886 0.047125 10.729900 -0.034498 -0.047186 0.998290 -1.090300 0.000000 0.000000 0.000000 1.000000
0.999366 0.001314 0.035573 0.000000 -0.002970 0.998912 0.046538 10.729900 -0.035473 -0.046614 0.998283 -1.090300 0.000000 0.000000 0.000000 1.000000
0.999317 0.001809 0.036904 -0.000000 -0.003504 0.998939 0.045916 10.729900 -0.036782 -0.046014 0.998263 -1.090300 0.000000 0.000000 0.000000 1.000000
0.999272 0.002408 0.038070 0.000000 -0.004158 0.998934 0.045980 10.729900 -0.037918 -0.046105 0.998217 -1.090300 0.000000 0.000000 0.000000 1.000000
0.999262 0.003152 0.038291 0.000000 -0.004982 0.998846 0.047778 10.729900 -0.038096 -0.047934 0.998124 -1.090300 0.000000 0.000000 0.000000 1.000000
0.999312 0.004085 0.036869 -0.000000 -0.006007 0.998620 0.052167 10.729900 -0.036605 -0.052352 0.997958 -1.090300 0.000000 0.000000 0.000000 1.000000
0.999430 0.005127 0.033372 0.000000 -0.007113 0.998194 0.059657 10.729900 -0.033006 -0.059861 0.997661 -1.090300 0.000000 0.000000 0.000000 1.000000
0.999587 0.006210 0.028057 0.000000 -0.008168 0.997499 0.070200 10.729900 -0.027551 -0.070400 0.997138 -1.090300 0.000000 0.000000 0.000000 1.000000
0.999756 0.006277 0.021185 0.000000 -0.008035 0.996438 0.083949 10.729900 -0.020582 -0.084099 0.996245 -1.090300 0.000000 0.000000 0.000000 1.000000
0.999920 0.003800 0.012041 0.000000 -0.004993 0.994908 0.100661 10.729900 -0.011597 -0.100713 0.994848 -1.090300 0.000000 0.000000 0.000000 1.000000
0.999998 -0.001344 0.001315 0.000000 0.001177 0.992811 0.119686 10.729900 -0.001467 -0.119684 0.992811 -1.090300 0.000000 0.000000 0.000000 1.000000
0.999903 -0.010355 -0.009313 0.000000 0.011547 0.990267 0.138704 10.729900 0.007786 -0.138798 0.990290 -1.090300 0.000000 0.000000 0.000000 1.000000
0.999554 -0.022865 -0.019234 0.000000 0.025546 0.987860 0.153235 10.729900 0.015497 -0.153657 0.988003 -1.090300 0.000000 0.000000 0.000000 1.000000
0.998990 -0.035088 -0.028080 -0.000000 0.039173 0.986110 0.161410 10.729900 0.022026 -0.162347 0.986488 -1.090300 0.000000 0.000000 0.000000 1.000000
0.998289 -0.045996 -0.036093 -0.000000 0.051381 0.984752 0.166201 10.729900 0.027899 -0.167772 0.985431 -1.090300 0.000000 0.000000 0.000000 1.000000
0.997518 -0.055709 -0.043060 0.000000 0.062267 0.983456 0.170109 10.729900 0.032871 -0.172368 0.984484 -1.090300 0.000000 0.000000 0.000000 1.000000
0.996606 -0.064502 -0.051150 0.000000 0.072452 0.982251 0.173012 10.729900 0.039082 -0.176131 0.983591 -1.090300 0.000000 0.000000 0.000000 1.000000
0.995439 -0.073332 -0.061015 0.000000 0.082966 0.981192 0.174297 10.729900 0.047086 -0.178564 0.982801 -1.090300 0.000000 0.000000 0.000000 1.000000
0.993992 -0.083359 -0.070926 0.000000 0.094623 0.980172 0.174096 10.729900 0.055007 -0.179761 0.982171 -1.090300 0.000000 0.000000 0.000000 1.000000
0.992072 -0.095893 -0.081221 0.000000 0.108745 0.979005 0.172406 10.729900 0.062983 -0.179871 0.981672 -1.090300 0.000000 0.000000 0.000000 1.000000
0.989785 -0.109550 -0.091243 -0.000000 0.123794 0.977834 0.168866 10.729900 0.070721 -0.178437 0.981407 -1.090300 0.000000 0.000000 0.000000 1.000000
0.987823 -0.120530 -0.098375 0.000000 0.135515 0.977191 0.163505 10.729900 0.076424 -0.174846 0.981625 -1.090300 0.000000 0.000000 0.000000 1.000000
0.986731 -0.126961 -0.101208 -0.000000 0.141891 0.977287 0.157410 10.729900 0.078925 -0.169682 0.982333 -1.090300 0.000000 0.000000 0.000000 1.000000
0.986482 -0.129449 -0.100485 -0.000000 0.143779 0.977910 0.151725 10.729900 0.078625 -0.164122 0.983302 -1.090300 0.000000 0.000000 0.000000 1.000000
0.986718 -0.129540 -0.098018 0.000000 0.143114 0.978692 0.147244 10.729900 0.076856 -0.159316 0.984231 -1.090300 0.000000 0.000000 0.000000 1.000000
0.987024 -0.128830 -0.095850 0.000000 0.141802 0.979388 0.143844 10.729900 0.075343 -0.155570 0.984947 -1.090300 0.000000 0.000000 0.000000 1.000000
0.987282 -0.127681 -0.094724 0.000000 0.140268 0.980028 0.140959 10.729900 0.074835 -0.152453 0.985473 -1.090300 0.000000 0.000000 0.000000 1.000000
0.987555 -0.125915 -0.094241 -0.000000 0.138263 0.980646 0.138625 10.729900 0.074962 -0.149930 0.985851 -1.090300 0.000000 0.000000 0.000000 1.000000
0.987836 -0.124175 -0.093595 0.000000 0.136297 0.981181 0.136772 10.729900 0.074850 -0.147865 0.986171 -1.090300 0.000000 0.000000 0.000000 1.000000
0.988085 -0.123651 -0.091646 0.000000 0.135328 0.981611 0.134630 10.729900 0.073314 -0.145428 0.986649 -1.090300 0.000000 0.000000 0.000000 1.000000
0.988323 -0.124703 -0.087559 0.000000 0.135535 0.982047 0.131202 10.729900 0.069626 -0.141537 0.987481 -1.090300 0.000000 0.000000 0.000000 1.000000
0.988593 -0.126703 -0.081425 0.000000 0.136342 0.982564 0.126405 10.729900 0.063989 -0.136065 0.988631 -1.090300 0.000000 0.000000 0.000000 1.000000
0.988917 -0.128560 -0.074260 0.000000 0.136904 0.983156 0.121088 10.729900 0.057443 -0.129912 0.989860 -1.090300 0.000000 0.000000 0.000000 1.000000
0.989310 -0.129309 -0.067422 0.000000 0.136506 0.983805 0.116165 10.729900 0.051309 -0.124127 0.990939 -1.090300 0.000000 0.000000 0.000000 1.000000
0.989747 -0.129051 -0.061217 -0.000000 0.135253 0.984549 0.111221 10.729900 0.045918 -0.118360 0.991908 -1.090300 0.000000 0.000000 0.000000 1.000000
0.990252 -0.128078 -0.054743 0.000000 0.133275 0.985486 0.105147 10.729900 0.040482 -0.111418 0.992949 -1.090300 0.000000 0.000000 0.000000 1.000000
0.990884 -0.126076 -0.047475 0.000000 0.130220 0.986657 0.097725 10.729900 0.034520 -0.103017 0.994080 -1.090300 0.000000 0.000000 0.000000 1.000000
0.991680 -0.122373 -0.039943 0.000000 0.125540 0.988009 0.089878 10.729900 0.028465 -0.094145 0.995151 -1.090300 0.000000 0.000000 0.000000 1.000000
0.992599 -0.116787 -0.033290 0.000000 0.119189 0.989415 0.082783 10.729900 0.023270 -0.086138 0.996011 -1.090300 0.000000 0.000000 0.000000 1.000000
0.993528 -0.110144 -0.027770 0.000000 0.111981 0.990738 0.076799 10.729900 0.019054 -0.079412 0.996660 -1.090300 0.000000 0.000000 0.000000 1.000000
0.994414 -0.103067 -0.022773 0.000000 0.104457 0.991917 0.072030 10.729900 0.015165 -0.074007 0.997142 -1.090300 0.000000 0.000000 0.000000 1.000000
0.995267 -0.095578 -0.017542 -0.000000 0.096564 0.992966 0.068509 10.729900 0.010871 -0.069879 0.997496 -1.090300 0.000000 0.000000 0.000000 1.000000
0.996108 -0.087330 -0.011900 0.000000 0.087928 0.993943 0.065921 10.729900 0.006071 -0.066711 0.997754 -1.090300 0.000000 0.000000 0.000000 1.000000
0.996906 -0.078346 -0.006341 0.000000 0.078590 0.994896 0.063286 10.729900 0.001351 -0.063588 0.997975 -1.090300 0.000000 0.000000 0.000000 1.000000
0.997645 -0.068581 -0.001000 0.000000 0.068518 0.995860 0.059740 10.729900 -0.003102 -0.059668 0.998213 -1.090300 0.000000 0.000000 0.000000 1.000000
0.998330 -0.057573 0.004738 0.000000 0.057228 0.996860 0.054735 10.729900 -0.007875 -0.054372 0.998490 -1.090300 0.000000 0.000000 0.000000 1.000000
0.998929 -0.044700 0.011916 0.000000 0.044081 0.997877 0.047948 10.729900 -0.014034 -0.047371 0.998779 -1.090300 0.000000 0.000000 0.000000 1.000000
0.999328 -0.030364 0.020543 -0.000000 0.029535 0.998782 0.039531 10.729900 -0.021718 -0.038897 0.999007 -1.090300 0.000000 0.000000 0.000000 1.000000
0.999431 -0.016610 0.029363 -0.000000 0.015716 0.999414 0.030420 10.729900 -0.029851 -0.029941 0.999106 -1.090300 0.000000 0.000000 0.000000 1.000000
0.999315 -0.005492 0.036607 0.000000 0.004674 0.999738 0.022392 10.729900 -0.036721 -0.022206 0.999079 -1.090300 0.000000 0.000000 0.000000 1.000000
0.999173 0.001930 0.040606 -0.000000 -0.002633 0.999847 0.017264 10.729900 -0.040566 -0.017357 0.999026 -1.090300 0.000000 0.000000 0.000000 1.000000
0.999151 0.005881 0.040782 0.000000 -0.006502 0.999865 0.015111 10.729900 -0.040688 -0.015363 0.999054 -1.090300 0.000000 0.000000 0.000000 1.000000
0.999242 0.006913 0.038302 0.000000 -0.007472 0.999867 0.014482 10.729900 -0.038197 -0.014757 0.999161 -1.090300 0.000000 0.000000 0.000000 1.000000
0.999374 0.006018 0.034859 -0.000000 -0.006517 0.999878 0.014216 10.729900 -0.034769 -0.014434 0.999291 -1.090300 0.000000 0.000000 0.000000 1.000000
0.999473 0.004806 0.032110 0.000000 -0.005261 0.999887 0.014088 10.729900 -0.032039 -0.014249 0.999385 -1.090300 0.000000 0.000000 0.000000 1.000000
0.999503 0.004637 0.031170 0.000000 -0.005088 0.999884 0.014383 10.729900 -0.031100 -0.014534 0.999411 -1.090300 0.000000 0.000000 0.000000 1.000000
0.999478 0.005119 0.031896 0.000000 -0.005596 0.999874 0.014880 10.729900 -0.031816 -0.015051 0.999380 -1.090300 0.000000 0.000000 0.000000 1.000000
0.999421 0.005286 0.033621 0.000000 -0.005798 0.999869 0.015134 10.729900 -0.033536 -0.015320 0.999320 -1.090300 0.000000 0.000000 0.000000 1.000000
0.999360 0.004656 0.035454 0.000000 -0.005191 0.999874 0.014994 10.729900 -0.035379 -0.015168 0.999259 -1.090300 0.000000 0.000000 0.000000 1.000000
0.999327 0.003391 0.036527 0.000000 -0.003932 0.999884 0.014747 10.729900 -0.036472 -0.014881 0.999224 -1.090300 0.000000 0.000000 0.000000 1.000000
0.999327 0.001933 0.036631 0.000000 -0.002478 0.999887 0.014838 10.729900 -0.036598 -0.014919 0.999219 -1.090300 0.000000 0.000000 0.000000 1.000000
0.999349 0.000583 0.036064 0.000000 -0.001142 0.999879 0.015487 10.729900 -0.036050 -0.015518 0.999229 -1.090300 0.000000 0.000000 0.000000 1.000000
0.999376 -0.000397 0.035320 0.000000 -0.000187 0.999863 0.016553 10.729900 -0.035322 -0.016549 0.999239 -1.090300 0.000000 0.000000 0.000000 1.000000
0.999394 -0.000851 0.034807 -0.000000 0.000238 0.999845 0.017598 10.729900 -0.034817 -0.017579 0.999239 -1.090300 0.000000 0.000000 0.000000 1.000000
0.999398 -0.000981 0.034674 0.000000 0.000345 0.999832 0.018337 10.729900 -0.034686 -0.018314 0.999230 -1.090300 0.000000 0.000000 0.000000 1.000000
0.999390 -0.001151 0.034906 0.000000 0.000493 0.999822 0.018839 10.729900 -0.034922 -0.018810 0.999213 -1.090300 0.000000 0.000000 0.000000 1.000000
0.999370 -0.001581 0.035460 0.000000 0.000898 0.999814 0.019281 10.729900 -0.035484 -0.019237 0.999185 -1.090300 0.000000 0.000000 0.000000 1.000000
0.999341 -0.002075 0.036239 0.000000 0.001332 0.999789 0.020519 10.729900 -0.036274 -0.020458 0.999132 -1.090300 0.000000 0.000000 0.000000 1.000000
0.999314 -0.002217 0.036960 -0.000000 0.001374 0.999739 0.022821 10.729900 -0.037000 -0.022754 0.999056 -1.090300 0.000000 0.000000 0.000000 1.000000
0.999296 -0.001944 0.037479 -0.000000 0.001009 0.999688 0.024946 10.729900 -0.037516 -0.024891 0.998986 -1.090300 0.000000 0.000000 0.000000 1.000000
0.999286 -0.001353 0.037746 0.000000 0.000335 0.999636 0.026963 10.729900 -0.037769 -0.026931 0.998924 -1.090300 0.000000 0.000000 0.000000 1.000000
0.999285 -0.000667 0.037812 0.000000 -0.000431 0.999579 0.029008 10.729900 -0.037815 -0.029004 0.998864 -1.090300 0.000000 0.000000 0.000000 1.000000
0.999288 -0.000106 0.037730 0.000000 -0.001068 0.999516 0.031097 10.729900 -0.037715 -0.031116 0.998804 -1.090300 0.000000 0.000000 0.000000 1.000000
0.999297 0.000206 0.037495 0.000000 -0.001450 0.999449 0.033147 10.729900 -0.037468 -0.033178 0.998747 -1.090300 0.000000 0.000000 0.000000 1.000000
0.999312 0.000235 0.037088 0.000000 -0.001539 0.999382 0.035126 10.729900 -0.037056 -0.035159 0.998694 -1.090300 0.000000 0.000000 0.000000 1.000000
0.999331 0.000084 0.036560 -0.000000 -0.001438 0.999313 0.037035 10.729900 -0.036532 -0.037063 0.998645 -1.090300 0.000000 0.000000 0.000000 1.000000</float_array><technique_common><accessor source="#mixamorig_Spine-Matrix-animation-output-transform-array" count="86" stride="16"><param type="float4x4"/></accessor></technique_common></source><source id="mixamorig_Spine-Interpolations"><Name_array id="mixamorig_Spine-Interpolations-array" count="86">
 LINEAR LINEAR LINEAR LINEAR LINEAR LINEAR LINEAR LINEAR LINEAR LINEAR LINEAR
LINEAR LINEAR LINEAR LINEAR LINEAR LINEAR LINEAR LINEAR LINEAR LINEAR LINEAR LINEAR
LINEAR LINEAR LINEAR LINEAR LINEAR LINEAR LINEAR LINEAR LINEAR LINEAR LINEAR LINEAR
LINEAR LINEAR LINEAR LINEAR LINEAR LINEAR LINEAR LINEAR LINEAR LINEAR LINEAR LINEAR
LINEAR LINEAR LINEAR LINEAR LINEAR LINEAR LINEAR LINEAR LINEAR LINEAR LINEAR LINEAR
LINEAR LINEAR LINEAR LINEAR LINEAR LINEAR LINEAR LINEAR LINEAR LINEAR LINEAR LINEAR
LINEAR LINEAR LINEAR LINEAR LINEAR LINEAR LINEAR LINEAR LINEAR LINEAR LINEAR LINEAR
LINEAR LINEAR LINEAR</Name_array><technique_common><accessor source="#mixamorig_Spine-Interpolations-array" count="86"><param type="name"/></accessor></technique_common></source><sampler id="mixamorig_Spine-Matrix-animation-transform"><input semantic="INPUT" source="#mixamorig_Spine-Matrix-animation-input"/><input semantic="OUTPUT" source="#mixamorig_Spine-Matrix-animation-output-transform"/><input semantic="INTERPOLATION" source="#mixamorig_Spine-Interpolations"/></sampler><channel source="#mixamorig_Spine-Matrix-animation-transform" target="mixamorig_Spine/matrix"/></animation>
    <animation id="mixamorig_Spine1-anim" name="mixamorig_Spine1"><source id="mixamorig_Spine1-Matrix-animation-input"><float_array id="mixamorig_Spine1-Matrix-animation-input-array" count="86">

0.000000 0.033333 0.066667 0.100000 0.133333 0.166667 0.200000 0.233333 0.266667 0.300000 0.333333 0.366667 0.400000 0.433333 0.466667 0.500000
0.533333 0.566667 0.600000 0.633333 0.666667 0.700000 0.733333 0.766667 0.800000 0.833333 0.866667 0.900000 0.933333 0.966667 1.000000 1.033333
1.066667 1.100000 1.133333 1.166667 1.200000 1.233333 1.266667 1.300000 1.333333 1.366667 1.400000 1.433333 1.466667 1.500000 1.533333 1.566667
1.600000 1.633333 1.666667 1.700000 1.733333 1.766667 1.800000 1.833333 1.866667 1.900000 1.933333 1.966667 2.000000 2.033333 2.066667 2.100000
2.133333 2.166667 2.200000 2.233333 2.266667 2.300000 2.333333 2.366667 2.400000 2.433333 2.466667 2.500000 2.533333 2.566667 2.600000 2.633333
2.666667 2.700000 2.733333 2.766667 2.800000 2.833333</float_array><technique_common><accessor source="#mixamorig_Spine1-Matrix-animation-input-array" count="86"><param name="TIME" type="float"/></accessor></technique_common></source><source id="mixamorig_Spine1-Matrix-animation-output-transform"><float_array id="mixamorig_Spine1-Matrix-animation-output-transform-array" count="1376">

0.999481 -0.000943 0.032211 0.000000 0.002505 0.998821 -0.048484 12.582700 -0.032127 0.048540 0.998304 0.000000 0.000000 0.000000 0.000000 1.000000
0.999496 -0.000759 0.031724 0.000000 0.002252 0.998890 -0.047048 12.582700 -0.031654 0.047096 0.998389 0.000000 0.000000 0.000000 0.000000 1.000000
0.999510 -0.000599 0.031299 -0.000000 0.002027 0.998958 -0.045603 12.582700 -0.031239 0.045645 0.998469 -0.000000 0.000000 0.000000 0.000000 1.000000
0.999521 -0.000450 0.030931 0.000000 0.001817 0.999021 -0.044196 12.582700 -0.030880 0.044231 0.998544 -0.000000 0.000000 0.000000 0.000000 1.000000
0.999530 -0.000274 0.030641 0.000000 0.001595 0.999070 -0.043092 12.582700 -0.030600 0.043121 0.998601 -0.000000 0.000000 0.000000 0.000000 1.000000
0.999537 -0.000064 0.030414 0.000000 0.001340 0.999119 -0.041939 12.582700 -0.030385 0.041960 0.998657 0.000000 0.000000 0.000000 0.000000 1.000000
0.999545 0.000159 0.030160 0.000000 0.001073 0.999165 -0.040848 12.582700 -0.030141 0.040862 0.998710 -0.000000 0.000000 0.000000 0.000000 1.000000
0.999553 0.000408 0.029889 0.000000 0.000791 0.999196 -0.040082 12.582700 -0.029882 0.040087 0.998749 -0.000000 0.000000 0.000000 0.000000 1.000000
0.999555 0.000579 0.029817 0.000000 0.000613 0.999201 -0.039961 12.582700 -0.029816 0.039961 0.998756 -0.000000 0.000000 0.000000 0.000000 1.000000
0.999552 0.000584 0.029910 0.000000 0.000611 0.999203 -0.039920 12.582700 -0.029909 0.039921 0.998755 0.000000 0.000000 0.000000 0.000000 1.000000
0.999541 0.000393 0.030284 0.000000 0.000821 0.999197 -0.040068 12.582700 -0.030276 0.040074 0.998738 0.000000 0.000000 0.000000 0.000000 1.000000
0.999520 0.000083 0.030978 0.000000 0.001167 0.999185 -0.040343 12.582700 -0.030957 0.040360 0.998706 0.000000 0.000000 0.000000 0.000000 1.000000
0.999490 -0.000273 0.031923 0.000000 0.001564 0.999181 -0.040427 12.582700 -0.031886 0.040456 0.998672 0.000000 0.000000 0.000000 0.000000 1.000000
0.999464 -0.000521 0.032729 0.000000 0.001821 0.999209 -0.039718 12.582700 -0.032682 0.039756 0.998675 0.000000 0.000000 0.000000 0.000000 1.000000
0.999462 -0.000388 0.032796 0.000000 0.001617 0.999298 -0.037437 12.582700 -0.032759 0.037470 0.998761 0.000000 0.000000 0.000000 0.000000 1.000000
0.999501 0.000214 0.031585 -0.000000 0.000832 0.999452 -0.033076 12.582700 -0.031575 0.033086 0.998954 0.000000 0.000000 0.000000 0.000000 1.000000
0.999585 0.001022 0.028778 0.000000 -0.000257 0.999647 -0.026585 12.582700 -0.028795 0.026566 0.999232 0.000000 0.000000 0.000000 0.000000 1.000000
0.999696 0.001840 0.024583 0.000000 -0.001389 0.999831 -0.018354 12.582700 -0.024612 0.018315 0.999529 0.000000 0.000000 0.000000 0.000000 1.000000
0.999815 0.001887 0.019162 0.000000 -0.001730 0.999965 -0.008227 12.582700 -0.019176 0.008192 0.999783 0.000000 0.000000 0.000000 0.000000 1.000000
0.999927 0.000166 0.012056 -0.000000 -0.000216 0.999992 0.004076 12.582700 -0.012055 -0.004078 0.999919 0.000000 0.000000 0.000000 0.000000 1.000000
0.999986 -0.003499 0.003929 -0.000000 0.003428 0.999832 0.018032 12.582700 -0.003991 -0.018018 0.999830 0.000000 0.000000 0.000000 0.000000 1.000000
0.999947 -0.009552 -0.003738 0.000000 0.009666 0.999443 0.031926 12.582700 0.003431 -0.031961 0.999483 0.000000 0.000000 0.000000 0.000000 1.000000
0.999791 -0.017518 -0.010554 0.000000 0.017953 0.998929 0.042642 12.582700 0.009796 -0.042822 0.999035 0.000000 0.000000 0.000000 0.000000 1.000000
0.999544 -0.025320 -0.016475 0.000000 0.026092 0.998481 0.048519 12.582700 0.015222 -0.048927 0.998686 0.000000 0.000000 0.000000 0.000000 1.000000
0.999244 -0.032226 -0.021768 0.000000 0.033318 0.998100 0.051822 12.582700 0.020057 -0.052508 0.998419 -0.000000 0.000000 0.000000 0.000000 1.000000
0.998923 -0.038302 -0.026202 0.000000 0.039689 0.997716 0.054658 12.582700 0.024049 -0.055640 0.998161 0.000000 0.000000 0.000000 0.000000 1.000000
0.998552 -0.043669 -0.031422 0.000000 0.045414 0.997333 0.057139 12.582700 0.028843 -0.058483 0.997872 0.000000 0.000000 0.000000 0.000000 1.000000
0.998091 -0.048797 -0.037862 0.000000 0.050979 0.996956 0.058984 12.582700 0.034868 -0.060801 0.997541 0.000000 0.000000 0.000000 0.000000 1.000000
0.997501 -0.054779 -0.044616 -0.000000 0.057410 0.996547 0.059989 12.582700 0.041176 -0.062401 0.997201 0.000000 0.000000 0.000000 0.000000 1.000000
0.996682 -0.062496 -0.052153 0.000000 0.065589 0.996049 0.059863 12.582700 0.048206 -0.063085 0.996843 0.000000 0.000000 0.000000 0.000000 1.000000
0.995661 -0.071062 -0.060080 0.000000 0.074562 0.995519 0.058162 12.582700 0.055677 -0.062390 0.996498 -0.000000 0.000000 0.000000 0.000000 1.000000
0.994748 -0.078017 -0.066262 0.000000 0.081698 0.995150 0.054781 12.582700 0.061667 -0.059907 0.996297 0.000000 0.000000 0.000000 0.000000 1.000000
0.994206 -0.082138 -0.069341 -0.000000 0.085726 0.995040 0.050460 12.582700 0.064853 -0.056112 0.996316 0.000000 0.000000 0.000000 0.000000 1.000000
0.994020 -0.083936 -0.069843 0.000000 0.087263 0.995122 0.046026 12.582700 0.065639 -0.051845 0.996496 0.000000 0.000000 0.000000 0.000000 1.000000
0.993988 -0.084704 -0.069370 0.000000 0.087752 0.995251 0.042129 12.582700 0.065472 -0.047964 0.996701 0.000000 0.000000 0.000000 0.000000 1.000000
0.993951 -0.085209 -0.069289 0.000000 0.088044 0.995355 0.038938 12.582700 0.065650 -0.044803 0.996836 0.000000 0.000000 0.000000 0.000000 1.000000
0.993913 -0.085258 -0.069777 -0.000000 0.087947 0.995460 0.036409 12.582700 0.066356 -0.042324 0.996898 -0.000000 0.000000 0.000000 0.000000 1.000000
0.993910 -0.084761 -0.070420 0.000000 0.087361 0.995572 0.034693 12.582700 0.067167 -0.040634 0.996914 0.000000 0.000000 0.000000 0.000000 1.000000
0.993941 -0.084235 -0.070603 -0.000000 0.086760 0.995666 0.033490 12.582700 0.067476 -0.039413 0.996942 0.000000 0.000000 0.000000 0.000000 1.000000
0.993995 -0.084489 -0.069540 0.000000 0.086857 0.995714 0.031760 12.582700 0.066559 -0.037609 0.997073 0.000000 0.000000 0.000000 0.000000 1.000000
0.994089 -0.085653 -0.066706 0.000000 0.087711 0.995736 0.028565 12.582700 0.063975 -0.034247 0.997364 0.000000 0.000000 0.000000 0.000000 1.000000
0.994242 -0.087241 -0.062230 0.000000 0.088879 0.995752 0.024052 12.582700 0.059867 -0.029445 0.997772 0.000000 0.000000 0.000000 0.000000 1.000000
0.994429 -0.088700 -0.056952 -0.000000 0.089918 0.995764 0.019200 12.582700 0.055007 -0.024214 0.998192 0.000000 0.000000 0.000000 0.000000 1.000000
0.994614 -0.089696 -0.051940 0.000000 0.090581 0.995777 0.014935 12.582700 0.050381 -0.019559 0.998539 0.000000 0.000000 0.000000 0.000000 1.000000
0.994791 -0.090266 -0.047367 0.000000 0.090877 0.995802 0.010903 12.582700 0.046184 -0.015151 0.998818 0.000000 0.000000 0.000000 0.000000 1.000000
0.994995 -0.090418 -0.042536 -0.000000 0.090756 0.995855 0.006089 12.582700 0.041809 -0.009919 0.999076 -0.000000 0.000000 0.000000 0.000000 1.000000
0.995259 -0.089914 -0.037070 0.000000 0.089985 0.995943 0.000239 12.582700 0.036898 -0.003573 0.999313 -0.000000 0.000000 0.000000 0.000000 1.000000
