<?xml version="1.0" encoding="utf-8"?>
<COLLADA xmlns="http://www.collada.org/2005/11/COLLADASchema" version="1.4.1">
  <asset><contributor><author>Mixamo</author><authoring_tool>COLLADA Mixamo exporter</authoring_tool><comments></comments></contributor><created>2020-06-17T07:04:12Z</created><modified>2020-06-17T07:04:12Z</modified><revision></revision><title></title><unit meter="0.010000"/><up_axis>Y_UP</up_axis></asset>
  <library_animations>
    <animation id="mixamorig_Hips-anim" name="mixamorig_Hips"><source id="mixamorig_Hips-Matrix-animation-input"><float_array id="mixamorig_Hips-Matrix-animation-input-array" count="34">

0.000000 0.033333 0.066667 0.100000 0.133333 0.166667 0.200000 0.233333 0.266667 0.300000 0.333333 0.366667 0.400000 0.433333 0.466667 0.500000
0.533333 0.566667 0.600000 0.633333 0.666667 0.700000 0.733333 0.766667 0.800000 0.833333 0.866667 0.900000 0.933333 0.966667 1.000000 1.033333
1.066667 1.100000</float_array><technique_common><accessor source="#mixamorig_Hips-Matrix-animation-input-array" count="34"><param name="TIME" type="float"/></accessor></technique_common></source><source id="mixamorig_Hips-Matrix-animation-output-transform"><float_array id="mixamorig_Hips-Matrix-animation-output-transform-array" count="544">

0.692055 0.001569 -0.721843 -0.401583 0.065672 0.995714 0.065125 81.543350 0.718851 -0.092475 0.688985 0.155753 0.000000 0.000000 0.000000 1.000000
0.703965 0.014356 -0.710090 -0.651275 0.069703 0.993573 0.089189 80.346298 0.706806 -0.112281 0.698440 -0.496181 0.000000 0.000000 0.000000 1.000000
0.711534 0.030546 -0.701988 -0.891127 0.076398 0.989769 0.120505 79.346809 0.698486 -0.139374 0.701920 -0.746097 0.000000 0.000000 0.000000 1.000000
0.710983 0.046068 -0.701699 -0.755920 0.087566 0.984285 0.153345 78.687462 0.697736 -0.170471 0.695776 -0.352606 0.000000 0.000000 0.000000 1.000000
0.698089 0.060004 -0.713492 -0.343223 0.105883 0.976875 0.185751 78.674057 0.708139 -0.205218 0.675593 0.865512 0.000000 0.000000 0.000000 1.000000
0.658103 0.074653 -0.749218 0.356577 0.132800 0.967963 0.213098 79.239555 0.741124 -0.239737 0.627106 3.158878 0.000000 0.000000 0.000000 1.000000
0.588426 0.093011 -0.803184 1.294821 0.162680 0.959429 0.230287 80.288345 0.792017 -0.266169 0.549421 6.060804 0.000000 0.000000 0.000000 1.000000
0.478185 0.114619 -0.870748 2.524549 0.182092 0.956965 0.225966 81.865997 0.859175 -0.266609 0.436735 9.078506 0.000000 0.000000 0.000000 1.000000
0.333257 0.130295 -0.933790 3.947856 0.178748 0.963712 0.198263 83.651352 0.925737 -0.232986 0.297874 11.823242 0.000000 0.000000 0.000000 1.000000
0.233451 0.149075 -0.960873 5.432819 0.159380 0.968947 0.189050 84.735710 0.959218 -0.197278 0.202442 14.555929 0.000000 0.000000 0.000000 1.000000
0.227494 0.189038 -0.955255 6.993341 0.128511 0.966568 0.221882 84.615433 0.965262 -0.173238 0.195595 17.375128 0.000000 0.000000 0.000000 1.000000
0.222533 0.217558 -0.950341 8.230120 0.105667 0.963659 0.245350 83.355957 0.969182 -0.155018 0.191457 20.576590 0.000000 0.000000 0.000000 1.000000
0.157630 0.222185 -0.962178 9.076409 0.066832 0.969725 0.234877 81.556404 0.985234 -0.101328 0.138009 23.934441 0.000000 0.000000 0.000000 1.000000
0.104900 0.244501 -0.963958 9.848219 0.024886 0.968357 0.248325 80.023636 0.994171 -0.050039 0.095496 26.311790 0.000000 0.000000 0.000000 1.000000
0.126151 0.262472 -0.956658 10.607458 0.001848 0.964298 0.264812 78.919533 0.992009 -0.035174 0.121162 27.601957 0.000000 0.000000 0.000000 1.000000
0.157599 0.274267 -0.948652 10.791395 -0.014473 0.961195 0.275489 77.995667 0.987397 -0.029687 0.155453 27.998184 0.000000 0.000000 0.000000 1.000000
0.177493 0.281015 -0.943147 10.543536 -0.026035 0.959369 0.280949 77.476517 0.983778 -0.025311 0.177598 27.689934 0.000000 0.000000 0.000000 1.000000
0.209486 0.281988 -0.936268 10.189258 -0.034716 0.959055 0.281084 77.422577 0.977195 -0.026380 0.210698 26.821451 0.000000 0.000000 0.000000 1.000000
0.244740 0.278722 -0.928664 9.561360 -0.040120 0.959882 0.277519 77.952255 0.968758 -0.030662 0.246104 25.418406 0.000000 0.000000 0.000000 1.000000
0.271732 0.269848 -0.923766 8.592051 -0.041022 0.962259 0.269026 78.892342 0.961498 -0.035208 0.272546 23.543901 0.000000 0.000000 0.000000 1.000000
0.299754 0.254381 -0.919477 7.501900 -0.036563 0.966151 0.255374 80.096489 0.953316 -0.042930 0.298908 21.228901 0.000000 0.000000 0.000000 1.000000
0.343955 0.230751 -0.910192 6.346172 -0.027239 0.971379 0.235970 81.512596 0.938591 -0.056370 0.340396 18.558601 0.000000 0.000000 0.000000 1.000000
0.405149 0.197441 -0.892676 5.018179 -0.015337 0.977733 0.209293 82.860756 0.914122 -0.071104 0.399156 15.539968 0.000000 0.000000 0.000000 1.000000
0.471374 0.159974 -0.867303 3.673414 -0.006932 0.984053 0.177741 83.808647 0.881906 -0.077770 0.464966 12.495580 0.000000 0.000000 0.000000 1.000000
0.537988 0.123456 -0.833863 2.547890 0.007916 0.988434 0.151448 84.361198 0.842915 -0.088078 0.530788 9.614851 0.000000 0.000000 0.000000 1.000000
0.597271 0.094563 -0.796446 1.667322 0.021178 0.990819 0.133523 84.460289 0.801760 -0.096616 0.589785 7.163954 0.000000 0.000000 0.000000 1.000000
0.648126 0.074293 -0.757901 0.886121 0.027930 0.992241 0.121149 84.167694 0.761021 -0.099688 0.641022 5.137682 0.000000 0.000000 0.000000 1.000000
0.695394 0.055507 -0.716482 0.253929 0.034504 0.993284 0.110439 84.033783 0.717800 -0.101520 0.688809 3.218892 0.000000 0.000000 0.000000 1.000000
0.722189 0.041624 -0.690442 -0.188784 0.036227 0.994542 0.097850 83.655548 0.690747 -0.095678 0.716739 1.915847 0.000000 0.000000 0.000000 1.000000
0.728890 0.028055 -0.684056 -0.455942 0.043297 0.995271 0.086953 83.386696 0.683261 -0.092996 0.724228 1.013397 0.000000 0.000000 0.000000 1.000000
0.721445 0.016260 -0.692281 -0.585580 0.051833 0.995652 0.077402 83.128082 0.690529 -0.091724 0.717465 0.463620 0.000000 0.000000 0.000000 1.000000
0.710061 0.010006 -0.704069 -0.629469 0.055175 0.996034 0.069800 82.512260 0.701975 -0.088410 0.706693 0.396315 0.000000 0.000000 0.000000 1.000000
0.698181 0.005826 -0.715898 -0.516837 0.059750 0.996004 0.066377 81.872414 0.713424 -0.089118 0.695043 0.348919 0.000000 0.000000 0.000000 1.000000
0.692055 0.001569 -0.721843 -0.401579 0.065671 0.995714 0.065125 81.543289 0.718851 -0.092474 0.688986 0.155766 0.000000 0.000000 0.000000 1.000000</float_array><technique_common><accessor source="#mixamorig_Hips-Matrix-animation-output-transform-array" count="34" stride="16"><param type="float4x4"/></accessor></technique_common></source><source id="mixamorig_Hips-Interpolations"><Name_array id="mixamorig_Hips-Interpolations-array" count="34">
 LINEAR LINEAR LINEAR LINEAR LINEAR LINEAR LINEAR LINEAR LINEAR LINEAR LINEAR
LINEAR LINEAR LINEAR LINEAR LINEAR LINEAR LINEAR LINEAR LINEAR LINEAR LINEAR LINEAR
LINEAR LINEAR LINEAR LINEAR LINEAR LINEAR LINEAR LINEAR LINEAR LINEAR LINEAR</Name_array><technique_common><accessor source="#mixamorig_Hips-Interpolations-array" count="34"><param type="name"/></accessor></technique_common></source><sampler id="mixamorig_Hips-Matrix-animation-transform"><input semantic="INPUT" source="#mixamorig_Hips-Matrix-animation-input"/><input semantic="OUTPUT" source="#mixamorig_Hips-Matrix-animation-output-transform"/><input semantic="INTERPOLATION" source="#mixamorig_Hips-Interpolations"/></sampler><channel source="#mixamorig_Hips-Matrix-animation-transform" target="mixamorig_Hips/matrix"/></animation>
    <animation id="mixamorig_Spine-anim" name="mixamorig_Spine"><source id="mixamorig_Spine-Matrix-animation-input"><float_array id="mixamorig_Spine-Matrix-animation-input-array" count="34">

0.000000 0.033333 0.066667 0.100000 0.133333 0.166667 0.200000 0.233333 0.266667 0.300000 0.333333 0.366667 0.400000 0.433333 0.466667 0.500000
0.533333 0.566667 0.600000 0.633333 0.666667 0.700000 0.733333 0.766667 0.800000 0.833333 0.866667 0.900000 0.933333 0.966667 1.000000 1.033333
1.066667 1.100000</float_array><technique_common><accessor source="#mixamorig_Spine-Matrix-animation-input-array" count="34"><param name="TIME" type="float"/></accessor></technique_common></source><source id="mixamorig_Spine-Matrix-animation-output-transform"><float_array id="mixamorig_Spine-Matrix-animation-output-transform-array" count="544">

0.991778 0.017114 0.126818 0.000000 -0.009214 0.997995 -0.062621 10.729900 -0.127635 0.060938 0.989947 -1.090300 0.000000 0.000000 0.000000 1.000000
0.991583 0.012544 0.128862 -0.000000 -0.001992 0.996656 -0.081688 10.729900 -0.129455 0.080743 0.988292 -1.090300 0.000000 0.000000 0.000000 1.000000
0.990973 0.006103 0.133922 0.000000 0.007232 0.995075 -0.098861 10.729900 -0.133866 0.098938 0.986048 -1.090300 0.000000 0.000000 0.000000 1.000000
0.989997 -0.005453 0.140984 0.000000 0.022326 0.992718 -0.118378 10.729900 -0.139312 0.120342 0.982909 -1.090300 0.000000 0.000000 0.000000 1.000000
0.987457 -0.011207 0.157488 0.000000 0.032751 0.990321 -0.134876 10.729900 -0.154453 0.138342 0.978267 -1.090300 0.000000 0.000000 0.000000 1.000000
0.983029 -0.010016 0.183175 -0.000000 0.037046 0.988775 -0.144749 10.729900 -0.179669 0.149078 0.972365 -1.090300 0.000000 0.000000 0.000000 1.000000
0.978652 -0.009999 0.205281 0.000000 0.041412 0.987924 -0.149303 10.729900 -0.201309 0.154617 0.967248 -1.090300 0.000000 0.000000 0.000000 1.000000
0.979227 0.000696 0.202766 0.000000 0.033414 0.985769 -0.164751 10.729900 -0.199995 0.168103 0.965268 -1.090300 0.000000 0.000000 0.000000 1.000000
0.982448 0.031028 0.183937 0.000000 0.002100 0.984166 -0.177235 10.729900 -0.186524 0.174510 0.966827 -1.090300 0.000000 0.000000 0.000000 1.000000
0.985112 0.059354 0.161342 0.000000 -0.029566 0.983018 -0.181111 10.729900 -0.169352 0.173644 0.970138 -1.090300 0.000000 0.000000 0.000000 1.000000
0.991079 0.049753 0.123642 0.000000 -0.022051 0.976135 -0.216040 10.729900 -0.131440 0.211386 0.968524 -1.090300 0.000000 0.000000 0.000000 1.000000
0.996483 0.063686 0.054462 0.000000 -0.049190 0.970725 -0.235101 10.729900 -0.067840 0.231595 0.970444 -1.090300 0.000000 0.000000 0.000000 1.000000
0.998372 0.056733 0.005855 0.000000 -0.054060 0.974037 -0.219840 10.729900 -0.018175 0.219166 0.975518 -1.090300 0.000000 0.000000 0.000000 1.000000
0.998839 0.045390 0.016113 0.000000 -0.039785 0.966082 -0.255153 10.729900 -0.027148 0.254216 0.966766 -1.090300 0.000000 0.000000 0.000000 1.000000
0.998505 0.051147 0.019261 0.000000 -0.043046 0.953136 -0.299463 10.729900 -0.033675 0.298187 0.953913 -1.090300 0.000000 0.000000 0.000000 1.000000
0.997688 0.060613 0.030750 0.000000 -0.047812 0.947456 -0.316292 10.729900 -0.048306 0.314091 0.948163 -1.090300 0.000000 0.000000 0.000000 1.000000
0.995267 0.071705 0.065585 0.000000 -0.048268 0.950556 -0.306778 10.729900 -0.084339 0.302160 0.949519 -1.090300 0.000000 0.000000 0.000000 1.000000
0.993613 0.072104 0.086796 0.000000 -0.043318 0.954006 -0.296641 10.729900 -0.104193 0.290986 0.951037 -1.090300 0.000000 0.000000 0.000000 1.000000
0.992582 0.069648 0.099648 -0.000000 -0.039488 0.959893 -0.277570 10.729900 -0.114984 0.271576 0.955523 -1.090300 0.000000 0.000000 0.000000 1.000000
0.991999 0.068244 0.106215 0.000000 -0.039937 0.967736 -0.248781 10.729900 -0.119765 0.242549 0.962718 -1.090300 0.000000 0.000000 0.000000 1.000000
0.991744 0.065974 0.109956 0.000000 -0.040984 0.975597 -0.215709 10.729900 -0.121504 0.209422 0.970247 -1.090300 0.000000 0.000000 0.000000 1.000000
0.992015 0.062575 0.109498 0.000000 -0.041562 0.981933 -0.184609 10.729900 -0.119072 0.178584 0.976693 -1.090300 0.000000 0.000000 0.000000 1.000000
0.991301 0.062080 0.116054 0.000000 -0.044266 0.987662 -0.150214 10.729900 -0.123947 0.143770 0.981818 -1.090300 0.000000 0.000000 0.000000 1.000000
0.990187 0.057379 0.127425 0.000000 -0.042598 0.992354 -0.115839 10.729900 -0.133098 0.109275 0.985060 -1.090300 0.000000 0.000000 0.000000 1.000000
0.989797 0.057243 0.130479 0.000000 -0.044787 0.994328 -0.096471 10.729900 -0.135261 0.089643 0.986746 -1.090300 0.000000 0.000000 0.000000 1.000000
0.989875 0.056921 0.130030 0.000000 -0.045332 0.994872 -0.090413 10.729900 -0.134509 0.083603 0.987379 -1.090300 0.000000 0.000000 0.000000 1.000000
0.990138 0.053970 0.129283 0.000000 -0.042423 0.994996 -0.090464 10.729900 -0.133519 0.084088 0.987473 -1.090300 0.000000 0.000000 0.000000 1.000000
0.990957 0.045903 0.126080 0.000000 -0.034778 0.995418 -0.089066 10.729900 -0.129591 0.083875 0.988014 -1.090300 0.000000 0.000000 0.000000 1.000000
0.991569 0.034486 0.124910 0.000000 -0.024149 0.996228 -0.083348 10.729900 -0.127313 0.079629 0.988661 -1.090300 0.000000 0.000000 0.000000 1.000000
0.991426 0.028495 0.127523 0.000000 -0.019129 0.997069 -0.074079 10.729900 -0.129260 0.071005 0.989065 -1.090300 0.000000 0.000000 0.000000 1.000000
0.990933 0.021904 0.132561 0.000000 -0.014377 0.998244 -0.057469 10.729900 -0.133587 0.055042 0.989507 -1.090300 0.000000 0.000000 0.000000 1.000000
0.991121 0.009690 0.132612 -0.000000 -0.003907 0.999033 -0.043800 10.729900 -0.132908 0.042893 0.990200 -1.090300 0.000000 0.000000 0.000000 1.000000
0.991572 0.009254 0.129225 0.000000 -0.002758 0.998727 -0.050358 10.729900 -0.129526 0.049577 0.990336 -1.090300 0.000000 0.000000 0.000000 1.000000
0.991778 0.017113 0.126817 0.000000 -0.009213 0.997995 -0.062621 10.729900 -0.127635 0.060938 0.989947 -1.090300 0.000000 0.000000 0.000000 1.000000</float_array><technique_common><accessor source="#mixamorig_Spine-Matrix-animation-output-transform-array" count="34" stride="16"><param type="float4x4"/></accessor></technique_common></source><source id="mixamorig_Spine-Interpolations"><Name_array id="mixamorig_Spine-Interpolations-array" count="34">
 LINEAR LINEAR LINEAR LINEAR LINEAR LINEAR LINEAR LINEAR LINEAR LINEAR LINEAR
LINEAR LINEAR LINEAR LINEAR LINEAR LINEAR LINEAR LINEAR LINEAR LINEAR LINEAR LINEAR
LINEAR LINEAR LINEAR LINEAR LINEAR LINEAR LINEAR LINEAR LINEAR LINEAR LINEAR</Name_array><technique_common><accessor source="#mixamorig_Spine-Interpolations-array" count="34"><param type="name"/></accessor></technique_common></source><sampler id="mixamorig_Spine-Matrix-animation-transform"><input semantic="INPUT" source="#mixamorig_Spine-Matrix-animation-input"/><input semantic="OUTPUT" source="#mixamorig_Spine-Matrix-animation-output-transform"/><input semantic="INTERPOLATION" source="#mixamorig_Spine-Interpolations"/></sampler><channel source="#mixamorig_Spine-Matrix-animation-transform" target="mixamorig_Spine/matrix"/></animation>
    <animation id="mixamorig_Spine1-anim" name="mixamorig_Spine1"><source id="mixamorig_Spine1-Matrix-animation-input"><float_array id="mixamorig_Spine1-Matrix-animation-input-array" count="34">

0.000000 0.033333 0.066667 0.100000 0.133333 0.166667 0.200000 0.233333 0.266667 0.300000 0.333333 0.366667 0.400000 0.433333 0.466667 0.500000
0.533333 0.566667 0.600000 0.633333 0.666667 0.700000 0.733333 0.766667 0.800000 0.833333 0.866667 0.900000 0.933333 0.966667 1.000000 1.033333
1.066667 1.100000</float_array><technique_common><accessor source="#mixamorig_Spine1-Matrix-animation-input-array" count="34"><param name="TIME" type="float"/></accessor></technique_common></source><source id="mixamorig_Spine1-Matrix-animation-output-transform"><float_array id="mixamorig_Spine1-Matrix-animation-output-transform-array" count="544">

0.999723 0.014149 0.018803 0.000000 -0.013424 0.999181 -0.038162 12.582700 -0.019327 0.037899 0.999095 0.000000 0.000000 0.000000 0.000000 1.000000
0.999721 0.013964 0.019048 0.000000 -0.013226 0.999178 -0.038324 12.582700 -0.019567 0.038061 0.999084 -0.000000 0.000000 0.000000 0.000000 1.000000
0.999657 0.017216 0.019727 0.000000 -0.016303 0.998831 -0.045508 12.582700 -0.020487 0.045171 0.998769 0.000000 0.000000 0.000000 0.000000 1.000000
0.999478 0.024692 0.020829 -0.000000 -0.023562 0.998323 -0.052876 12.582700 -0.022099 0.052358 0.998384 0.000000 0.000000 0.000000 0.000000 1.000000
0.999357 0.027747 0.022688 0.000000 -0.026097 0.997202 -0.070051 12.582700 -0.024568 0.069413 0.997285 -0.000000 0.000000 0.000000 0.000000 1.000000
0.999288 0.027706 0.025609 0.000000 -0.025196 0.995291 -0.093603 12.582700 -0.028082 0.092891 0.995280 0.000000 0.000000 0.000000 0.000000 1.000000
0.999275 0.026047 0.027781 -0.000000 -0.022679 0.993069 -0.115321 12.582700 -0.030592 0.114607 0.992940 0.000000 0.000000 0.000000 0.000000 1.000000
0.999330 0.025830 0.025929 0.000000 -0.022275 0.991382 -0.129097 12.582700 -0.029040 0.128433 0.991293 0.000000 0.000000 0.000000 0.000000 1.000000
0.999375 0.028135 0.021413 0.000000 -0.024610 0.988369 -0.150070 12.582700 -0.025386 0.149449 0.988443 0.000000 0.000000 0.000000 0.000000 1.000000
0.999773 0.012943 0.016900 0.000000 -0.009695 0.983652 -0.179817 12.582700 -0.018951 0.179613 0.983555 0.000000 0.000000 0.000000 0.000000 1.000000
0.999935 -0.004147 0.010597 0.000000 0.006145 0.980562 -0.196113 12.582700 -0.009577 0.196165 0.980524 0.000000 0.000000 0.000000 0.000000 1.000000
0.999947 -0.010282 -0.000322 0.000000 0.009973 0.976611 -0.214784 12.582700 0.002523 0.214770 0.976661 -0.000000 0.000000 0.000000 0.000000 1.000000
0.999955 -0.003543 -0.008845 0.000000 0.001393 0.972685 -0.232126 12.582700 0.009425 0.232103 0.972645 0.000000 0.000000 0.000000 0.000000 1.000000
0.999935 0.007447 -0.008671 0.000000 -0.009275 0.971977 -0.234893 12.582700 0.006679 0.234958 0.971983 0.000000 0.000000 0.000000 0.000000 1.000000
0.999825 0.016474 -0.008833 0.000000 -0.018083 0.972137 -0.233716 12.582700 0.004737 0.233835 0.972265 0.000000 0.000000 0.000000 0.000000 1.000000
0.999818 0.017909 -0.006628 0.000000 -0.018941 0.974218 -0.224811 12.582700 0.002431 0.224896 0.974380 0.000000 0.000000 0.000000 0.000000 1.000000
0.999907 0.013668 -0.000156 0.000000 -0.013362 0.975002 -0.221795 12.582700 -0.002879 0.221777 0.975093 0.000000 0.000000 0.000000 0.000000 1.000000
0.999912 0.012747 0.003754 0.000000 -0.011662 0.977210 -0.211956 12.582700 -0.006370 0.211894 0.977272 0.000000 0.000000 0.000000 0.000000 1.000000
0.999914 0.011445 0.006371 0.000000 -0.009921 0.979293 -0.202206 12.582700 -0.008553 0.202125 0.979322 0.000000 0.000000 0.000000 0.000000 1.000000
0.999889 0.012637 0.007938 -0.000000 -0.010887 0.981500 -0.191153 12.582700 -0.010206 0.191046 0.981528 0.000000 0.000000 0.000000 0.000000 1.000000
0.999825 0.016368 0.009026 -0.000000 -0.014492 0.983795 -0.178712 12.582700 -0.011805 0.178550 0.983860 0.000000 0.000000 0.000000 0.000000 1.000000
0.999727 0.021371 0.009463 -0.000000 -0.019486 0.985687 -0.167458 12.582700 -0.012907 0.167227 0.985834 -0.000000 0.000000 0.000000 0.000000 1.000000
0.999651 0.024069 0.010920 0.000000 -0.022004 0.986772 -0.160616 12.582700 -0.014641 0.160320 0.986956 0.000000 0.000000 0.000000 0.000000 1.000000
0.999604 0.024965 0.012953 0.000000 -0.022670 0.987763 -0.154307 12.582700 -0.016647 0.153952 0.987938 0.000000 0.000000 0.000000 0.000000 1.000000
0.999543 0.026852 0.013860 -0.000000 -0.024593 0.989387 -0.143210 12.582700 -0.017558 0.142803 0.989595 0.000000 0.000000 0.000000 0.000000 1.000000
0.999559 0.025868 0.014553 0.000000 -0.023811 0.991600 -0.127132 12.582700 -0.017720 0.126729 0.991779 -0.000000 0.000000 0.000000 0.000000 1.000000
0.999638 0.022077 0.015356 0.000000 -0.020300 0.993986 -0.107607 12.582700 -0.017640 0.107256 0.994075 -0.000000 0.000000 0.000000 0.000000 1.000000
0.999700 0.018727 0.015798 -0.000000 -0.017242 0.995847 -0.089394 12.582700 -0.017407 0.089095 0.995871 0.000000 0.000000 0.000000 0.000000 1.000000
0.999761 0.014387 0.016442 0.000000 -0.013183 0.997382 -0.071097 12.582700 -0.017422 0.070863 0.997334 0.000000 0.000000 0.000000 0.000000 1.000000
0.999784 0.011250 0.017470 -0.000000 -0.010211 0.998238 -0.058447 12.582700 -0.018097 0.058256 0.998138 -0.000000 0.000000 0.000000 0.000000 1.000000
0.999749 0.012034 0.018918 0.000000 -0.011010 0.998517 -0.053309 12.582700 -0.019532 0.053087 0.998399 0.000000 0.000000 0.000000 0.000000 1.000000
0.999700 0.014628 0.019648 -0.000000 -0.013658 0.998723 -0.048645 12.582700 -0.020335 0.048362 0.998623 0.000000 0.000000 0.000000 0.000000 1.000000
0.999680 0.016187 0.019423 -0.000000 -0.015368 0.999014 -0.041640 12.582700 -0.020078 0.041328 0.998944 -0.000000 0.000000 0.000000 0.000000 1.000000
0.999723 0.014149 0.018803 0.000000 -0.013424 0.999181 -0.038162 12.582700 -0.019327 0.037899 0.999095 0.000000 0.000000 0.000000 0.000000 1.000000</float_array><technique_common><accessor source="#mixamorig_Spine1-Matrix-animation-output-transform-array" count="34" stride="16"><param type="float4x4"/></accessor></technique_common></source><source id="mixamorig_Spine1-Interpolations"><Name_array id="mixamorig_Spine1-Interpolations-array" count="34">
 LINEAR LINEAR LINEAR LINEAR LINEAR LINEAR LINEAR LINEAR LINEAR LINEAR LINEAR
LINEAR LINEAR LINEAR LINEAR LINEAR LINEAR LINEAR LINEAR LINEAR LINEAR LINEAR LINEAR
LINEAR LINEAR LINEAR LINEAR LINEAR LINEAR LINEAR LINEAR LINEAR LINEAR LINEAR</Name_array><technique_common><accessor source="#mixamorig_Spine1-Interpolations-array" count="34"><param type="name"/></accessor></technique_common></source><sampler id="mixamorig_Spine1-Matrix-animation-transform"><input semantic="INPUT" source="#mixamorig_Spine1-Matrix-animation-input"/><input semantic="OUTPUT" source="#mixamorig_Spine1-Matrix-animation-output-transform"/><input semantic="INTERPOLATION" source="#mixamorig_Spine1-Interpolations"/></sampler><channel source="#mixamorig_Spine1-Matrix-animation-transform" target="mixamorig_Spine1/matrix"/></animation>
    <animation id="mixamorig_Spine2-anim" name="mixamorig_Spine2"><source id="mixamorig_Spine2-Matrix-animation-input"><float_array id="mixamorig_Spine2-Matrix-animation-input-array" count="34">

0.000000 0.033333 0.066667 0.100000 0.133333 0.166667 0.200000 0.233333 0.266667 0.300000 0.333333 0.366667 0.400000 0.433333 0.466667 0.500000
0.533333 0.566667 0.600000 0.633333 0.666667 0.700000 0.733333 0.766667 0.800000 0.833333 0.866667 0.900000 0.933333 0.966667 1.000000 1.033333
1.066667 1.100000</float_array><technique_common><accessor source="#mixamorig_Spine2-Matrix-animation-input-array" count="34"><param name="TIME" type="float"/></accessor></technique_common></source><source id="mixamorig_Spine2-Matrix-animation-output-transform"><float_array id="mixamorig_Spine2-Matrix-animation-output-transform-array" count="544">

0.999732 0.013703 0.018650 0.000000 -0.012979 0.999177 -0.038421 14.380200 -0.019162 0.038168 0.999088 0.000000 0.000000 0.000000 0.000000 1.000000
0.999732 0.013651 0.018705 0.000000 -0.012921 0.999171 -0.038601 14.380200 -0.019217 0.038349 0.999080 -0.000000 0.000000 0.000000 0.000000 1.000000
0.999675 0.016967 0.019043 0.000000 -0.016078 0.998818 -0.045867 14.380200 -0.019799 0.045546 0.998766 -0.000000 0.000000 0.000000 0.000000 1.000000
0.999501 0.024543 0.019898 0.000000 -0.023451 0.998299 -0.053375 14.380200 -0.021174 0.052882 0.998376 0.000000 0.000000 0.000000 0.000000 1.000000
0.999390 0.027672 0.021308 0.000000 -0.026103 0.997159 -0.070660 14.380200 -0.023203 0.070060 0.997273 0.000000 0.000000 0.000000 0.000000 1.000000
0.999333 0.027663 0.023822 0.000000 -0.025302 0.995223 -0.094291 14.380200 -0.026317 0.093626 0.995260 0.000000 0.000000 0.000000 0.000000 1.000000
0.999328 0.026021 0.025835 0.000000 -0.022856 0.992982 -0.116035 14.380200 -0.028673 0.115367 0.992909 0.000000 0.000000 0.000000 0.000000 1.000000
0.999379 0.025828 0.023990 0.000000 -0.022505 0.991292 -0.129742 14.380200 -0.027132 0.129121 0.991258 0.000000 0.000000 0.000000 0.000000 1.000000
0.999418 0.027914 0.019587 0.000000 -0.024651 0.988286 -0.150607 14.380200 -0.023562 0.150037 0.988400 0.000000 0.000000 0.000000 0.000000 1.000000
0.999802 0.012366 0.015583 0.000000 -0.009361 0.983628 -0.179966 14.380200 -0.017553 0.179785 0.983549 -0.000000 0.000000 0.000000 0.000000 1.000000
0.999941 -0.004896 0.009665 0.000000 0.006695 0.980592 -0.195947 14.380200 -0.008518 0.196000 0.980567 0.000000 0.000000 0.000000 0.000000 1.000000
0.999934 -0.011456 -0.001165 -0.000000 0.010940 0.976673 -0.214455 14.380200 0.003594 0.214428 0.976733 0.000000 0.000000 0.000000 0.000000 1.000000
0.999938 -0.004992 -0.009956 0.000000 0.002549 0.972781 -0.231711 14.380200 0.010842 0.231672 0.972734 -0.000000 0.000000 0.000000 0.000000 1.000000
0.999931 0.005960 -0.010127 0.000000 -0.008168 0.972094 -0.234450 14.380200 0.008447 0.234516 0.972076 -0.000000 0.000000 0.000000 0.000000 1.000000
0.999831 0.014926 -0.010693 0.000000 -0.017009 0.972266 -0.233258 14.380200 0.006915 0.233400 0.972356 -0.000000 0.000000 0.000000 0.000000 1.000000
0.999828 0.016440 -0.008575 -0.000000 -0.017946 0.974331 -0.224402 14.380200 0.004666 0.224517 0.974459 0.000000 0.000000 0.000000 0.000000 1.000000
0.999920 0.012538 -0.001947 0.000000 -0.012658 0.975072 -0.221526 14.380200 -0.000879 0.221532 0.975153 -0.000000 0.000000 0.000000 0.000000 1.000000
0.999928 0.011827 0.002050 -0.000000 -0.011125 0.977258 -0.211763 14.380200 -0.004508 0.211725 0.977319 0.000000 0.000000 0.000000 0.000000 1.000000
0.999932 0.010637 0.004786 0.000000 -0.009450 0.979328 -0.202059 14.380200 -0.006836 0.202000 0.979362 0.000000 0.000000 0.000000 0.000000 1.000000
0.999909 0.011868 0.006422 -0.000000 -0.010423 0.981526 -0.191047 14.380200 -0.008571 0.190962 0.981560 0.000000 0.000000 0.000000 0.000000 1.000000
0.999850 0.015609 0.007526 -0.000000 -0.014014 0.983812 -0.178655 14.380200 -0.010193 0.178522 0.983883 -0.000000 0.000000 0.000000 0.000000 1.000000
0.999757 0.020584 0.007943 0.000000 -0.018964 0.985701 -0.167434 14.380200 -0.011276 0.167243 0.985851 0.000000 0.000000 0.000000 0.000000 1.000000
0.999684 0.023256 0.009497 -0.000000 -0.021429 0.986781 -0.160637 14.380200 -0.013107 0.160383 0.986968 0.000000 0.000000 0.000000 0.000000 1.000000
0.999640 0.024137 0.011728 -0.000000 -0.022039 0.987762 -0.154403 14.380200 -0.015311 0.154088 0.987938 0.000000 0.000000 0.000000 0.000000 1.000000
0.999580 0.026025 0.012776 0.000000 -0.023927 0.989379 -0.143373 14.380200 -0.016372 0.143008 0.989586 0.000000 0.000000 0.000000 0.000000 1.000000
0.999593 0.025096 0.013593 -0.000000 -0.023164 0.991593 -0.127309 14.380200 -0.016674 0.126943 0.991770 -0.000000 0.000000 0.000000 0.000000 1.000000
0.999666 0.021396 0.014485 0.000000 -0.019713 0.993982 -0.107755 14.380200 -0.016703 0.107434 0.994072 0.000000 0.000000 0.000000 0.000000 1.000000
0.999722 0.018140 0.015081 0.000000 -0.016720 0.995845 -0.089514 14.380200 -0.016642 0.089237 0.995871 0.000000 0.000000 0.000000 0.000000 1.000000
0.999778 0.013885 0.015841 -0.000000 -0.012723 0.997382 -0.071182 14.380200 -0.016787 0.070965 0.997338 0.000000 0.000000 0.000000 0.000000 1.000000
0.999796 0.010798 0.017066 0.000000 -0.009782 0.998236 -0.058555 14.380200 -0.017668 0.058376 0.998138 -0.000000 0.000000 0.000000 0.000000 1.000000
0.999759 0.011570 0.018678 0.000000 -0.010556 0.998511 -0.053528 14.380200 -0.019269 0.053318 0.998392 0.000000 0.000000 0.000000 0.000000 1.000000
0.999710 0.014159 0.019469 0.000000 -0.013192 0.998714 -0.048958 14.380200 -0.020137 0.048687 0.998611 0.000000 0.000000 0.000000 0.000000 1.000000
0.999690 0.015787 0.019239 -0.000000 -0.014969 0.999007 -0.041961 14.380200 -0.019882 0.041660 0.998934 0.000000 0.000000 0.000000 0.000000 1.000000
0.999731 0.013789 0.018641 0.000000 -0.013065 0.999176 -0.038425 14.380200 -0.019156 0.038171 0.999088 0.000000 0.000000 0.000000 0.000000 1.000000</float_array><technique_common><accessor source="#mixamorig_Spine2-Matrix-animation-output-transform-array" count="34" stride="16"><param type="float4x4"/></accessor></technique_common></source><source id="mixamorig_Spine2-Interpolations"><Name_array id="mixamorig_Spine2-Interpolations-array" count="34">
 LINEAR LINEAR LINEAR LINEAR LINEAR LINEAR LINEAR LINEAR LINEAR LINEAR LINEAR
LINEAR LINEAR LINEAR LINEAR LINEAR LINEAR LINEAR LINEAR LINEAR LINEAR LINEAR LINEAR
LINEAR LINEAR LINEAR LINEAR LINEAR LINEAR LINEAR LINEAR LINEAR LINEAR LINEAR</Name_array><technique_common><accessor source="#mixamorig_Spine2-Interpolations-array" count="34"><param type="name"/></accessor></technique_common></source><sampler id="mixamorig_Spine2-Matrix-animation-transform"><input semantic="INPUT" source="#mixamorig_Spine2-Matrix-animation-input"/><input semantic="OUTPUT" source="#mixamorig_Spine2-Matrix-animation-output-transform"/><input semantic="INTERPOLATION" source="#mixamorig_Spine2-Interpolations"/></sampler><channel source="#mixamorig_Spine2-Matrix-animation-transform" target="mixamorig_Spine2/matrix"/></animation>
    <animation id="mixamorig_Neck-anim" name="mixamorig_Neck"><source id="mixamorig_Neck-Matrix-animation-input"><float_array id="mixamorig_Neck-Matrix-animation-input-array" count="34">

0.000000 0.033333 0.066667 0.100000 0.133333 0.166667 0.200000 0.233333 0.266667 0.300000 0.333333 0.366667 0.400000 0.433333 0.466667 0.500000
0.533333 0.566667 0.600000 0.633333 0.666667 0.700000 0.733333 0.766667 0.800000 0.833333 0.866667 0.900000 0.933333 0.966667 1.000000 1.033333
1.066667 1.100000</float_array><technique_common><accessor source="#mixamorig_Neck-Matrix-animation-input-array" count="34"><param name="TIME" type="float"/></accessor></technique_common></source><source id="mixamorig_Neck-Matrix-animation-output-transform"><float_array id="mixamorig_Neck-Matrix-animation-output-transform-array" count="544">

0.970436 -0.076993 0.228747 0.000000 0.102062 0.989754 -0.099853 16.177799 -0.218715 0.120247 0.968351 0.000000 0.000000 0.000000 0.000000 1.000000
0.970774 -0.079161 0.226565 -0.000000 0.103458 0.989849 -0.097441 16.177799 -0.216552 0.118033 0.969110 0.000000 0.000000 0.000000 0.000000 1.000000
0.970925 -0.083464 0.224364 0.000000 0.107700 0.989339 -0.098029 16.177799 -0.213790 0.119343 0.969562 0.000000 0.000000 0.000000 0.000000 1.000000
0.970732 -0.090523 0.222454 0.000000 0.115026 0.988341 -0.099758 16.177799 -0.210830 0.122426 0.969826 -0.000000 0.000000 0.000000 0.000000 1.000000
0.970642 -0.093267 0.221708 -0.000000 0.117505 0.988150 -0.098749 16.177799 -0.209871 0.121902 0.970100 0.000000 0.000000 0.000000 0.000000 1.000000
0.970330 -0.096075 0.221874 0.000000 0.120204 0.987909 -0.097912 16.177799 -0.209785 0.121678 0.970147 0.000000 0.000000 0.000000 0.000000 1.000000
0.969977 -0.096763 0.223117 0.000000 0.123367 0.986409 -0.108529 16.177799 -0.209583 0.132796 0.968731 0.000000 0.000000 0.000000 0.000000 1.000000
0.967881 -0.100518 0.230441 0.000000 0.129562 0.984932 -0.114550 16.177799 -0.215454 0.140727 0.966321 -0.000000 0.000000 0.000000 0.000000 1.000000
0.960627 -0.114768 0.253031 0.000000 0.143827 0.984593 -0.099449 16.177799 -0.237719 0.131926 0.962333 0.000000 0.000000 0.000000 0.000000 1.000000
0.954748 -0.094713 0.281931 0.000000 0.127097 0.986952 -0.098849 16.177799 -0.268890 0.130209 0.954329 0.000000 0.000000 0.000000 0.000000 1.000000
0.952042 -0.053240 0.301300 0.000000 0.088078 0.990749 -0.103239 16.177799 -0.293016 0.124826 0.947924 0.000000 0.000000 0.000000 0.000000 1.000000
0.941304 -0.035679 0.335670 0.000000 0.064410 0.995112 -0.074851 16.177799 -0.331359 0.092078 0.939001 -0.000000 0.000000 0.000000 0.000000 1.000000
0.931839 -0.026739 0.361885 0.000000 0.041164 0.998633 -0.032209 16.177799 -0.360530 0.044910 0.931666 0.000000 0.000000 0.000000 0.000000 1.000000
0.927705 -0.036947 0.371482 0.000000 0.039372 0.999224 0.001059 16.177799 -0.371233 0.013644 0.928440 0.000000 0.000000 0.000000 0.000000 1.000000
0.926907 -0.070359 0.368637 0.000000 0.064559 0.997519 0.028062 16.177799 -0.369697 -0.002212 0.929150 0.000000 0.000000 0.000000 0.000000 1.000000
0.924974 -0.084587 0.370497 -0.000000 0.082546 0.996358 0.021392 16.177799 -0.370957 0.010796 0.928587 0.000000 0.000000 0.000000 0.000000 1.000000
0.923371 -0.082396 0.374963 0.000000 0.083203 0.996433 0.014068 16.177799 -0.374785 0.018208 0.926933 -0.000000 0.000000 0.000000 0.000000 1.000000
0.924254 -0.086028 0.371960 0.000000 0.086232 0.996145 0.016121 16.177799 -0.371913 0.017175 0.928109 -0.000000 0.000000 0.000000 0.000000 1.000000
0.927320 -0.088064 0.363761 0.000000 0.087959 0.995981 0.016891 16.177799 -0.363787 0.016333 0.931339 0.000000 0.000000 0.000000 0.000000 1.000000
0.931130 -0.088842 0.353701 0.000000 0.090543 0.995823 0.011770 16.177799 -0.353270 0.021066 0.935284 -0.000000 0.000000 0.000000 0.000000 1.000000
0.935883 -0.088917 0.340906 0.000000 0.094101 0.995562 0.001334 16.177799 -0.339512 0.030832 0.940096 0.000000 0.000000 0.000000 0.000000 1.000000
0.940987 -0.084802 0.327645 -0.000000 0.094464 0.995435 -0.013655 16.177799 -0.324991 0.043800 0.944702 -0.000000 0.000000 0.000000 0.000000 1.000000
0.946350 -0.073853 0.314589 0.000000 0.088885 0.995472 -0.033688 16.177799 -0.310677 0.059843 0.948630 0.000000 0.000000 0.000000 0.000000 1.000000
0.951426 -0.062251 0.301518 -0.000000 0.081791 0.995260 -0.052609 16.177799 -0.296814 0.074715 0.952008 -0.000000 0.000000 0.000000 0.000000 1.000000
0.955711 -0.052949 0.289503 -0.000000 0.074823 0.995075 -0.065012 16.177799 -0.284635 0.083794 0.954967 0.000000 0.000000 0.000000 0.000000 1.000000
0.959333 -0.046176 0.278473 0.000000 0.069243 0.994883 -0.073569 16.177799 -0.273651 0.089859 0.957622 0.000000 0.000000 0.000000 0.000000 1.000000
0.963658 -0.046828 0.263002 0.000000 0.070757 0.994096 -0.082257 16.177799 -0.257597 0.097877 0.961282 0.000000 0.000000 0.000000 0.000000 1.000000
0.967613 -0.045589 0.248286 -0.000000 0.070563 0.993197 -0.092629 16.177799 -0.242375 0.107149 0.964248 0.000000 0.000000 0.000000 0.000000 1.000000
0.970120 -0.048113 0.237806 0.000000 0.073719 0.992255 -0.099981 16.177799 -0.231154 0.114525 0.966153 -0.000000 0.000000 0.000000 0.000000 1.000000
0.971490 -0.051195 0.231487 0.000000 0.077171 0.991517 -0.104585 16.177799 -0.224169 0.119467 0.967200 0.000000 0.000000 0.000000 0.000000 1.000000
0.971800 -0.057563 0.228672 0.000000 0.083842 0.990727 -0.106915 16.177799 -0.220398 0.123072 0.967615 0.000000 0.000000 0.000000 0.000000 1.000000
0.971272 -0.064477 0.229071 0.000000 0.091046 0.990042 -0.107370 16.177799 -0.219867 0.125142 0.967470 0.000000 0.000000 0.000000 0.000000 1.000000
0.970575 -0.073793 0.229212 0.000000 0.099507 0.989721 -0.102721 16.177799 -0.219275 0.122507 0.967941 0.000000 0.000000 0.000000 0.000000 1.000000
0.970444 -0.077035 0.228700 -0.000000 0.102097 0.989751 -0.099844 16.177799 -0.218665 0.120243 0.968363 0.000000 0.000000 0.000000 0.000000 1.000000</float_array><technique_common><accessor source="#mixamorig_Neck-Matrix-animation-output-transform-array" count="34" stride="16"><param type="float4x4"/></accessor></technique_common></source><source id="mixamorig_Neck-Interpolations"><Name_array id="mixamorig_Neck-Interpolations-array" count="34">
 LINEAR LINEAR LINEAR LINEAR LINEAR LINEAR LINEAR LINEAR LINEAR LINEAR LINEAR
LINEAR LINEAR LINEAR LINEAR LINEAR LINEAR LINEAR LINEAR LINEAR LINEAR LINEAR LINEAR
LINEAR LINEAR LINEAR LINEAR LINEAR LINEAR LINEAR LINEAR LINEAR LINEAR LINEAR</Name_array><technique_common><accessor source="#mixamorig_Neck-Interpolations-array" count="34"><param type="name"/></accessor></technique_common></source><sampler id="mixamorig_Neck-Matrix-animation-transform"><input semantic="INPUT" source="#mixamorig_Neck-Matrix-animation-input"/><input semantic="OUTPUT" source="#mixamorig_Neck-Matrix-animation-output-transform"/><input semantic="INTERPOLATION" source="#mixamorig_Neck-Interpolations"/></sampler><channel source="#mixamorig_Neck-Matrix-animation-transform" target="mixamorig_Neck/matrix"/></animation>
    <animation id="mixamorig_Head-anim" name="mixamorig_Head"><source id="mixamorig_Head-Matrix-animation-input"><float_array id="mixamorig_Head-Matrix-animation-input-array" count="34">

0.000000 0.033333 0.066667 0.100000 0.133333 0.166667 0.200000 0.233333 0.266667 0.300000 0.333333 0.366667 0.400000 0.433333 0.466667 0.500000
0.533333 0.566667 0.600000 0.633333 0.666667 0.700000 0.733333 0.766667 0.800000 0.833333 0.866667 0.900000 0.933333 0.966667 1.000000 1.033333
1.066667 1.100000</float_array><technique_common><accessor source="#mixamorig_Head-Matrix-animation-input-array" count="34"><param name="TIME" type="float"/></accessor></technique_common></source><source id="mixamorig_Head-Matrix-animation-output-transform"><float_array id="mixamorig_Head-Matrix-animation-output-transform-array" count="544">

0.936400 0.067629 0.344356 0.000000 -0.017899 0.989182 -0.145596 6.762300 -0.350478 0.130172 0.927481 3.044900 0.000000 0.000000 0.000000 1.000000
0.939786 0.060414 0.336382 0.000000 -0.016990 0.991294 -0.130568 6.762300 -0.341342 0.116991 0.932630 3.044900 0.000000 0.000000 0.000000 1.000000
0.942312 0.050117 0.330962 0.000000 -0.009785 0.992430 -0.122421 6.762300 -0.334592 0.112120 0.935669 3.044900 0.000000 0.000000 0.000000 1.000000
0.941122 0.047206 0.334755 -0.000000 -0.004144 0.991739 -0.128202 6.762300 -0.338041 0.119267 0.933544 3.044900 0.000000 0.000000 0.000000 1.000000
0.939753 0.049101 0.338309 0.000000 -0.006891 0.992151 -0.124855 6.762300 -0.341784 0.115001 0.932716 3.044900 0.000000 0.000000 0.000000 1.000000
0.930297 0.072310 0.359608 -0.000000 -0.031631 0.992539 -0.117750 6.762300 -0.365440 0.098168 0.925644 3.044900 0.000000 0.000000 0.000000 1.000000
0.903613 0.134249 0.406769 0.000000 -0.090321 0.987982 -0.125430 6.762300 -0.418719 0.076601 0.904879 3.044900 0.000000 0.000000 0.000000 1.000000
0.841021 0.210336 0.498440 0.000000 -0.157448 0.976607 -0.146454 6.762300 -0.517585 0.044692 0.854464 3.044900 0.000000 0.000000 0.000000 1.000000
0.747594 0.261819 0.610372 0.000000 -0.206669 0.965099 -0.160848 6.762300 -0.631183 -0.005896 0.775612 3.044900 0.000000 0.000000 0.000000 1.000000
0.670167 0.286489 0.684690 0.000000 -0.246610 0.956041 -0.158650 6.762300 -0.700043 -0.062529 0.711358 3.044900 0.000000 0.000000 0.000000 1.000000
0.644881 0.281654 0.710492 0.000000 -0.256574 0.955452 -0.145881 6.762300 -0.719929 -0.088218 0.688418 3.044900 0.000000 0.000000 0.000000 1.000000
0.599122 0.269573 0.753912 -0.000000 -0.255653 0.956734 -0.138932 6.762300 -0.758745 -0.109503 0.642117 3.044900 0.000000 0.000000 0.000000 1.000000
0.527840 0.282845 0.800864 0.000000 -0.297826 0.944688 -0.137347 6.762300 -0.795415 -0.166022 0.582883 3.044900 0.000000 0.000000 0.000000 1.000000
0.519363 0.257878 0.814715 0.000000 -0.319260 0.942900 -0.094930 6.762300 -0.792676 -0.210802 0.572038 3.044900 0.000000 0.000000 0.000000 1.000000
0.537105 0.217555 0.814977 0.000000 -0.328335 0.943891 -0.035581 6.762300 -0.776990 -0.248475 0.578400 3.044900 0.000000 0.000000 0.000000 1.000000
0.551834 0.191298 0.811717 0.000000 -0.313532 0.949518 -0.010624 6.762300 -0.772772 -0.248637 0.583955 3.044900 0.000000 0.000000 0.000000 1.000000
0.576682 0.174184 0.798184 0.000000 -0.293522 0.955946 0.003456 6.762300 -0.762419 -0.236277 0.602404 3.044900 0.000000 0.000000 0.000000 1.000000
0.597257 0.161711 0.785578 0.000000 -0.278729 0.960264 0.014241 6.762300 -0.752060 -0.227469 0.618598 3.044900 0.000000 0.000000 0.000000 1.000000
0.621049 0.157907 0.767700 -0.000000 -0.271140 0.962302 0.021410 6.762300 -0.735378 -0.221451 0.640452 3.044900 0.000000 0.000000 0.000000 1.000000
0.645153 0.156184 0.747920 0.000000 -0.254191 0.966999 0.017331 6.762300 -0.720531 -0.201295 0.663563 3.044900 0.000000 0.000000 0.000000 1.000000
0.678546 0.152596 0.718533 -0.000000 -0.228218 0.973571 0.008759 6.762300 -0.698206 -0.169925 0.695438 3.044900 0.000000 0.000000 0.000000 1.000000
0.718322 0.146639 0.680081 0.000000 -0.201928 0.979398 0.002104 6.762300 -0.665762 -0.138839 0.733134 3.044900 0.000000 0.000000 0.000000 1.000000
0.766114 0.138459 0.627613 0.000000 -0.174832 0.984591 -0.003799 6.762300 -0.618468 -0.106817 0.778516 3.044900 0.000000 0.000000 0.000000 1.000000
0.811915 0.129675 0.569192 0.000000 -0.146323 0.989097 -0.016620 6.762300 -0.565141 -0.069792 0.822037 3.044900 0.000000 0.000000 0.000000 1.000000
0.849300 0.114046 0.515444 0.000000 -0.115293 0.992887 -0.029716 6.762300 -0.515167 -0.034189 0.856408 3.044900 0.000000 0.000000 0.000000 1.000000
