<?xml version="1.0" encoding="utf-8"?>
<COLLADA xmlns="http://www.collada.org/2005/11/COLLADASchema" version="1.4.1">
  <asset><contributor><author>Mixamo</author><authoring_tool>COLLADA Mixamo exporter</authoring_tool><comments></comments></contributor><created>2020-06-17T06:59:32Z</created><modified>2020-06-17T06:59:32Z</modified><revision></revision><title></title><unit meter="0.010000"/><up_axis>Y_UP</up_axis></asset>
  <library_animations>
    <animation id="mixamorig_Hips-anim" name="mixamorig_Hips"><source id="mixamorig_Hips-Matrix-animation-input"><float_array id="mixamorig_Hips-Matrix-animation-input-array" count="133">

0.000000 0.033333 0.066667 0.100000 0.133333 0.166667 0.200000 0.233333 0.266667 0.300000 0.333333 0.366667 0.400000 0.433333 0.466667 0.500000
0.533333 0.566667 0.600000 0.633333 0.666667 0.700000 0.733333 0.766667 0.800000 0.833333 0.866667 0.900000 0.933333 0.966667 1.000000 1.033333
1.066667 1.100000 1.133333 1.166667 1.200000 1.233333 1.266667 1.300000 1.333333 1.366667 1.400000 1.433333 1.466667 1.500000 1.533333 1.566667
1.600000 1.633333 1.666667 1.700000 1.733333 1.766667 1.800000 1.833333 1.866667 1.900000 1.933333 1.966667 2.000000 2.033333 2.066667 2.100000
2.133333 2.166667 2.200000 2.233333 2.266667 2.300000 2.333333 2.366667 2.400000 2.433333 2.466667 2.500000 2.533333 2.566667 2.600000 2.633333
2.666667 2.700000 2.733333 2.766667 2.800000 2.833333 2.866667 2.900000 2.933333 2.966667 3.000000 3.033333 3.066667 3.100000 3.133333 3.166667
3.200000 3.233333 3.266667 3.300000 3.333333 3.366667 3.400000 3.433333 3.466667 3.500000 3.533333 3.566667 3.600000 3.633333 3.666667 3.700000
3.733333 3.766667 3.800000 3.833333 3.866667 3.900000 3.933333 3.966667 4.000000 4.033333 4.066667 4.100000 4.133333 4.166667 4.200000 4.233333
4.266667 4.300000 4.333333 4.366667 4.400000</float_array><technique_common><accessor source="#mixamorig_Hips-Matrix-animation-input-array" count="133"><param name="TIME" type="float"/></accessor></technique_common></source><source id="mixamorig_Hips-Matrix-animation-output-transform"><float_array id="mixamorig_Hips-Matrix-animation-output-transform-array" count="2128">

0.730973 0.051390 -0.680469 -0.295714 0.002083 0.996988 0.077532 87.956947 0.682403 -0.058091 0.728664 0.185956 0.000000 0.000000 0.000000 1.000000
0.730973 0.051390 -0.680469 -0.295714 0.002083 0.996988 0.077532 87.956947 0.682403 -0.058091 0.728664 0.185956 0.000000 0.000000 0.000000 1.000000
0.730973 0.051390 -0.680469 -0.295919 0.002083 0.996988 0.077532 87.957382 0.682403 -0.058091 0.728664 0.186158 0.000000 0.000000 0.000000 1.000000
0.733688 0.051752 -0.677513 -0.267164 -0.000372 0.997126 0.075763 87.912048 0.679486 -0.055334 0.731598 0.170252 0.000000 0.000000 0.000000 1.000000
0.735945 0.052167 -0.675029 -0.215814 -0.003379 0.997298 0.073389 87.847115 0.677033 -0.051729 0.734132 0.170501 0.000000 0.000000 0.000000 1.000000
0.737479 0.052434 -0.673332 -0.132439 -0.006766 0.997505 0.070267 87.767548 0.675336 -0.047264 0.735994 0.198079 0.000000 0.000000 0.000000 1.000000
0.739131 0.052818 -0.671487 -0.010150 -0.010675 0.997714 0.066728 87.670029 0.673477 -0.042152 0.738006 0.270387 0.000000 0.000000 0.000000 1.000000
0.741380 0.052661 -0.669016 0.134996 -0.014764 0.997955 0.062192 87.562523 0.670923 -0.036231 0.740642 0.396185 0.000000 0.000000 0.000000 1.000000
0.743816 0.052097 -0.666350 0.295232 -0.018985 0.998202 0.056849 87.457787 0.668114 -0.029635 0.743468 0.602282 0.000000 0.000000 0.000000 1.000000
0.745944 0.050796 -0.664069 0.460401 -0.022678 0.998446 0.050899 87.363129 0.665623 -0.022908 0.745937 0.878734 0.000000 0.000000 0.000000 1.000000
0.748167 0.048674 -0.661723 0.651627 -0.026220 0.998696 0.043815 87.286636 0.662993 -0.015431 0.748467 1.248106 0.000000 0.000000 0.000000 1.000000
0.750247 0.045942 -0.659560 0.863312 -0.029398 0.998914 0.036140 87.224091 0.660504 -0.007725 0.750783 1.690832 0.000000 0.000000 0.000000 1.000000
0.751787 0.042708 -0.658021 1.120146 -0.032405 0.999088 0.027822 87.175156 0.658609 0.000408 0.752485 2.219712 0.000000 0.000000 0.000000 1.000000
0.752844 0.039057 -0.657039 1.413553 -0.035376 0.999196 0.018861 87.133186 0.657247 0.009044 0.753621 2.819043 0.000000 0.000000 0.000000 1.000000
0.752495 0.035024 -0.657666 1.760125 -0.038898 0.999205 0.008706 87.117996 0.657448 0.019030 0.753259 3.503981 0.000000 0.000000 0.000000 1.000000
0.749917 0.032147 -0.660751 2.136799 -0.043375 0.999059 -0.000621 87.151344 0.660109 0.029125 0.750605 4.240226 0.000000 0.000000 0.000000 1.000000
0.744769 0.028832 -0.666699 2.559451 -0.047697 0.998811 -0.010088 87.255302 0.665615 0.039313 0.745259 5.085036 0.000000 0.000000 0.000000 1.000000
0.741376 0.026446 -0.670569 2.987271 -0.052388 0.998455 -0.018543 87.400497 0.669042 0.048877 0.741616 5.996185 0.000000 0.000000 0.000000 1.000000
0.734858 0.021422 -0.677883 3.461226 -0.058121 0.997813 -0.031473 87.625900 0.675726 0.062527 0.734496 6.951571 0.000000 0.000000 0.000000 1.000000
0.726766 0.016349 -0.686691 3.934044 -0.066051 0.996747 -0.046174 87.897980 0.683703 0.078914 0.725481 7.881012 0.000000 0.000000 0.000000 1.000000
0.716979 0.012665 -0.696980 4.424080 -0.074304 0.995527 -0.058347 88.210953 0.693124 0.093622 0.714713 8.820483 0.000000 0.000000 0.000000 1.000000
0.705393 0.011089 -0.708730 4.881187 -0.082715 0.994334 -0.066768 88.548668 0.703974 0.105720 0.702313 9.739277 0.000000 0.000000 0.000000 1.000000
0.692456 0.010021 -0.721391 5.318923 -0.092276 0.992921 -0.074783 88.881424 0.715535 0.118351 0.688478 10.598236 0.000000 0.000000 0.000000 1.000000
0.682846 0.010575 -0.730485 5.698132 -0.101970 0.991487 -0.080967 89.200462 0.723411 0.129776 0.678112 11.384455 0.000000 0.000000 0.000000 1.000000
0.675027 0.012210 -0.737692 6.051815 -0.112203 0.989932 -0.086287 89.527550 0.729211 0.141017 0.669601 12.145252 0.000000 0.000000 0.000000 1.000000
0.666688 0.014134 -0.745203 6.382372 -0.122178 0.988368 -0.090558 89.849998 0.735255 0.151421 0.660660 12.870474 0.000000 0.000000 0.000000 1.000000
0.657812 0.016642 -0.752998 6.653131 -0.131109 0.987022 -0.092721 90.143433 0.741683 0.159718 0.651457 13.556411 0.000000 0.000000 0.000000 1.000000
0.649555 0.019689 -0.760060 6.846394 -0.138894 0.985916 -0.093161 90.366119 0.747521 0.166081 0.643141 14.181076 0.000000 0.000000 0.000000 1.000000
0.642197 0.022192 -0.766218 6.970384 -0.145933 0.984839 -0.093788 90.521851 0.752520 0.172047 0.635699 14.760655 0.000000 0.000000 0.000000 1.000000
0.635370 0.024639 -0.771815 7.042881 -0.152805 0.983739 -0.094387 90.624390 0.756938 0.177908 0.628803 15.283350 0.000000 0.000000 0.000000 1.000000
0.628527 0.025172 -0.777381 7.063139 -0.157597 0.982866 -0.095593 90.648842 0.761655 0.182596 0.621724 15.718950 0.000000 0.000000 0.000000 1.000000
0.621300 0.023917 -0.783208 7.075387 -0.160944 0.982118 -0.097681 90.638565 0.766866 0.186742 0.614039 16.112074 0.000000 0.000000 0.000000 1.000000
0.614783 0.022190 -0.788384 7.083157 -0.163977 0.981357 -0.100248 90.644379 0.771462 0.190908 0.606960 16.527153 0.000000 0.000000 0.000000 1.000000
0.608983 0.021277 -0.792898 7.083137 -0.167368 0.980580 -0.102233 90.697678 0.775324 0.194964 0.600718 16.976994 0.000000 0.000000 0.000000 1.000000
0.604386 0.019463 -0.796454 7.065020 -0.167761 0.980396 -0.103347 90.695084 0.778828 0.196075 0.595803 17.378675 0.000000 0.000000 0.000000 1.000000
0.600616 0.017201 -0.799352 7.012219 -0.166395 0.980567 -0.103925 90.626297 0.782031 0.195427 0.591807 17.718105 0.000000 0.000000 0.000000 1.000000
0.598801 0.014411 -0.800768 6.905163 -0.162920 0.981124 -0.104172 90.420502 0.784152 0.192840 0.589846 17.972624 0.000000 0.000000 0.000000 1.000000
0.598271 0.014002 -0.801172 6.784229 -0.162293 0.981242 -0.104042 90.322426 0.784687 0.192270 0.589321 18.280499 0.000000 0.000000 0.000000 1.000000
0.598002 0.015237 -0.801350 6.687801 -0.163454 0.981126 -0.103321 90.316223 0.784650 0.192770 0.589206 18.630486 0.000000 0.000000 0.000000 1.000000
0.595396 0.014707 -0.803298 6.658604 -0.163371 0.981160 -0.103126 90.270782 0.786647 0.192636 0.586582 18.972536 0.000000 0.000000 0.000000 1.000000
0.589120 0.015232 -0.807902 6.609845 -0.165330 0.980943 -0.102064 90.304367 0.790951 0.193698 0.580412 19.374212 0.000000 0.000000 0.000000 1.000000
0.580890 0.014079 -0.813860 6.608113 -0.166063 0.980871 -0.101559 90.327972 0.796863 0.194147 0.572116 19.788916 0.000000 0.000000 0.000000 1.000000
0.569996 0.012211 -0.821557 6.693154 -0.169227 0.980197 -0.102840 90.449852 0.804031 0.197648 0.560775 20.284462 0.000000 0.000000 0.000000 1.000000
0.555983 0.008760 -0.831147 6.848541 -0.172590 0.979367 -0.105129 90.646393 0.813077 0.201898 0.546024 20.830177 0.000000 0.000000 0.000000 1.000000
0.538408 0.004151 -0.842674 7.057713 -0.177024 0.978231 -0.108287 90.886902 0.823881 0.207476 0.527422 21.361015 0.000000 0.000000 0.000000 1.000000
0.517541 -0.000901 -0.855658 7.304226 -0.180775 0.977312 -0.110370 91.124451 0.836344 0.211803 0.505636 21.810301 0.000000 0.000000 0.000000 1.000000
0.498988 -0.004572 -0.866597 7.582191 -0.184696 0.976450 -0.111500 91.398262 0.846698 0.215694 0.486393 22.160664 0.000000 0.000000 0.000000 1.000000
0.486215 -0.006164 -0.873817 7.835135 -0.188349 0.975731 -0.111686 91.692917 0.853299 0.218886 0.473254 22.423321 0.000000 0.000000 0.000000 1.000000
0.483616 -0.006598 -0.875255 7.994164 -0.190406 0.975231 -0.112559 91.911095 0.854319 0.221089 0.470381 22.574409 0.000000 0.000000 0.000000 1.000000
0.487238 -0.008373 -0.873229 8.097109 -0.189360 0.975149 -0.115008 91.967102 0.852492 0.221391 0.473544 22.608925 0.000000 0.000000 0.000000 1.000000
0.492486 -0.010241 -0.870260 8.139217 -0.185793 0.975643 -0.116623 91.888100 0.850258 0.219123 0.478587 22.564556 0.000000 0.000000 0.000000 1.000000
0.496327 -0.012652 -0.868043 8.140486 -0.179936 0.976681 -0.117119 91.672356 0.849283 0.214322 0.482477 22.471989 0.000000 0.000000 0.000000 1.000000
0.498752 -0.014998 -0.866615 8.106094 -0.173568 0.977869 -0.116814 91.402832 0.849188 0.208678 0.485111 22.394773 0.000000 0.000000 0.000000 1.000000
0.498771 -0.014906 -0.866606 8.045565 -0.171721 0.978332 -0.115661 91.309525 0.849553 0.206503 0.485404 22.444298 0.000000 0.000000 0.000000 1.000000
0.496733 -0.013064 -0.867805 8.038328 -0.173537 0.978200 -0.114059 91.384613 0.850377 0.207253 0.483637 22.595837 0.000000 0.000000 0.000000 1.000000
0.492064 -0.013489 -0.870454 8.067563 -0.174367 0.978091 -0.113725 91.426086 0.852918 0.207739 0.478932 22.717552 0.000000 0.000000 0.000000 1.000000
0.485294 -0.015712 -0.874210 8.113252 -0.175408 0.977763 -0.114946 91.490501 0.856576 0.209126 0.471746 22.790480 0.000000 0.000000 0.000000 1.000000
0.477180 -0.017174 -0.878638 8.156845 -0.178852 0.976986 -0.116230 91.647903 0.860413 0.212609 0.463127 22.833469 0.000000 0.000000 0.000000 1.000000
0.471586 -0.017791 -0.881640 8.180230 -0.182255 0.976243 -0.117187 91.814743 0.862780 0.215947 0.457140 22.794662 0.000000 0.000000 0.000000 1.000000
0.469536 -0.017090 -0.882748 8.172319 -0.185662 0.975546 -0.117641 91.999504 0.863172 0.219130 0.454881 22.688065 0.000000 0.000000 0.000000 1.000000
0.469931 -0.017587 -0.882528 8.143137 -0.187346 0.975036 -0.119189 92.126534 0.862593 0.221348 0.454904 22.506891 0.000000 0.000000 0.000000 1.000000
0.469435 -0.019383 -0.882754 8.118682 -0.187725 0.974711 -0.121232 92.224640 0.862781 0.222625 0.453925 22.267639 0.000000 0.000000 0.000000 1.000000
0.469326 -0.021477 -0.882764 8.084231 -0.187571 0.974465 -0.123431 92.308685 0.862873 0.223510 0.453313 21.992796 0.000000 0.000000 0.000000 1.000000
0.469858 -0.023738 -0.882423 8.037605 -0.186793 0.974328 -0.125671 92.388596 0.862752 0.223878 0.453362 21.661304 0.000000 0.000000 0.000000 1.000000
0.470278 -0.026819 -0.882111 7.989881 -0.184929 0.974352 -0.128214 92.438828 0.862925 0.223424 0.453257 21.285748 0.000000 0.000000 0.000000 1.000000
0.471457 -0.029201 -0.881405 7.898705 -0.182459 0.974597 -0.129884 92.447601 0.862808 0.222055 0.454153 20.855478 0.000000 0.000000 0.000000 1.000000
0.472646 -0.031957 -0.880673 7.790549 -0.179476 0.974907 -0.131699 92.432617 0.862783 0.220307 0.455051 20.423672 0.000000 0.000000 0.000000 1.000000
0.474201 -0.035042 -0.879719 7.653493 -0.175723 0.975336 -0.133572 92.384918 0.862702 0.217927 0.456348 19.959854 0.000000 0.000000 0.000000 1.000000
0.475714 -0.038074 -0.878776 7.486593 -0.171244 0.975938 -0.134985 92.330170 0.862770 0.214699 0.457747 19.481377 0.000000 0.000000 0.000000 1.000000
0.477980 -0.041330 -0.877398 7.275767 -0.165692 0.976717 -0.136272 92.277832 0.862602 0.210513 0.460003 18.936285 0.000000 0.000000 0.000000 1.000000
0.481213 -0.045362 -0.875429 7.054495 -0.160357 0.977253 -0.138785 92.236694 0.861812 0.207167 0.462993 18.366465 0.000000 0.000000 0.000000 1.000000
0.486428 -0.049191 -0.872335 6.805805 -0.155309 0.977646 -0.141732 92.199593 0.859806 0.204424 0.467915 17.747232 0.000000 0.000000 0.000000 1.000000
0.492431 -0.052744 -0.868752 6.567255 -0.150683 0.977923 -0.144783 92.160667 0.857209 0.202202 0.473611 17.120480 0.000000 0.000000 0.000000 1.000000
0.499854 -0.055533 -0.864327 6.306139 -0.145940 0.978273 -0.147253 92.089218 0.853725 0.199745 0.480889 16.437649 0.000000 0.000000 0.000000 1.000000
0.507103 -0.058256 -0.859915 6.044705 -0.141331 0.978587 -0.149641 92.004318 0.850219 0.197416 0.488011 15.743106 0.000000 0.000000 0.000000 1.000000
0.514381 -0.061047 -0.855386 5.732692 -0.135400 0.979170 -0.151304 91.875252 0.846805 0.193648 0.495401 14.961813 0.000000 0.000000 0.000000 1.000000
0.521834 -0.065163 -0.850555 5.423992 -0.127858 0.979840 -0.153512 91.724060 0.843411 0.188858 0.502982 14.167177 0.000000 0.000000 0.000000 1.000000
0.531016 -0.068941 -0.844553 5.045971 -0.118653 0.980816 -0.154667 91.535622 0.839013 0.182340 0.512649 13.272826 0.000000 0.000000 0.000000 1.000000
0.540398 -0.072438 -0.838286 4.647630 -0.108594 0.981950 -0.154857 91.305252 0.834373 0.174717 0.522778 12.337837 0.000000 0.000000 0.000000 1.000000
0.551967 -0.074483 -0.830533 4.175059 -0.097307 0.983445 -0.152866 91.005829 0.828169 0.165194 0.535581 11.283821 0.000000 0.000000 0.000000 1.000000
0.564855 -0.075524 -0.821727 3.680238 -0.086230 0.984949 -0.149800 90.729477 0.820673 0.155472 0.549841 10.254644 0.000000 0.000000 0.000000 1.000000
0.581174 -0.074524 -0.810359 3.109297 -0.073958 0.986840 -0.143796 90.382133 0.810411 0.143503 0.568014 9.144752 0.000000 0.000000 0.000000 1.000000
0.598480 -0.072544 -0.797846 2.518314 -0.063347 0.988488 -0.137396 90.088181 0.798629 0.132770 0.586996 8.104204 0.000000 0.000000 0.000000 1.000000
0.615941 -0.069789 -0.784695 1.900954 -0.054310 0.989937 -0.130673 89.831772 0.785918 0.123103 0.605952 7.069107 0.000000 0.000000 0.000000 1.000000
0.628287 -0.069405 -0.774880 1.363811 -0.046054 0.990948 -0.126100 89.606560 0.776618 0.114913 0.619403 6.108907 0.000000 0.000000 0.000000 1.000000
0.637463 -0.068779 -0.767405 0.832759 -0.037246 0.992092 -0.119857 89.446831 0.769580 0.104987 0.629860 5.180459 0.000000 0.000000 0.000000 1.000000
0.641847 -0.068678 -0.763751 0.360776 -0.028946 0.993102 -0.113627 89.379044 0.766286 0.095039 0.635431 4.365208 0.000000 0.000000 0.000000 1.000000
0.644214 -0.068743 -0.761750 -0.078330 -0.021088 0.993978 -0.107534 89.374008 0.764555 0.085338 0.638884 3.608823 0.000000 0.000000 0.000000 1.000000
0.644990 -0.068106 -0.761150 -0.470526 -0.013662 0.994834 -0.100592 89.454582 0.764069 0.075280 0.640728 2.978739 0.000000 0.000000 0.000000 1.000000
0.646262 -0.066888 -0.760179 -0.861143 -0.005116 0.995749 -0.091966 89.587624 0.763098 0.063323 0.643173 2.442706 0.000000 0.000000 0.000000 1.000000
0.648117 -0.066880 -0.758598 -1.213971 0.002981 0.996351 -0.085295 89.730919 0.761535 0.053020 0.645952 1.989424 0.000000 0.000000 0.000000 1.000000
0.649990 -0.066795 -0.757001 -1.547307 0.010470 0.996822 -0.078966 89.859016 0.759870 0.043402 0.648624 1.604307 0.000000 0.000000 0.000000 1.000000
0.652509 -0.064817 -0.755004 -1.845739 0.017464 0.997357 -0.070530 89.968155 0.757580 0.032836 0.651916 1.293045 0.000000 0.000000 0.000000 1.000000
0.655803 -0.063191 -0.752283 -2.112295 0.024526 0.997748 -0.062430 90.058746 0.754534 0.022491 0.655876 1.053138 0.000000 0.000000 0.000000 1.000000
0.658939 -0.062570 -0.749590 -2.331166 0.030933 0.997945 -0.056109 90.126549 0.751560 0.013785 0.659520 0.887368 0.000000 0.000000 0.000000 1.000000
0.662082 -0.061941 -0.746867 -2.525992 0.036582 0.998062 -0.050344 90.163170 0.748538 0.006010 0.663065 0.759338 0.000000 0.000000 0.000000 1.000000
0.666452 -0.059897 -0.743138 -2.701873 0.040474 0.998204 -0.044158 90.169830 0.744449 -0.000648 0.667679 0.676799 0.000000 0.000000 0.000000 1.000000
0.670719 -0.057331 -0.739492 -2.848039 0.043581 0.998332 -0.037871 90.151657 0.740430 -0.006827 0.672099 0.631512 0.000000 0.000000 0.000000 1.000000
0.673884 -0.055058 -0.736783 -2.942988 0.045761 0.998415 -0.032754 90.113914 0.737419 -0.011644 0.675336 0.625932 0.000000 0.000000 0.000000 1.000000
0.676190 -0.052422 -0.734860 -2.990607 0.046441 0.998514 -0.028496 90.057678 0.735262 -0.014859 0.677620 0.653720 0.000000 0.000000 0.000000 1.000000
0.678428 -0.049428 -0.733002 -3.000944 0.046413 0.998625 -0.024382 89.984322 0.733199 -0.017480 0.679789 0.706048 0.000000 0.000000 0.000000 1.000000
0.680707 -0.046273 -0.731093 -3.014120 0.046201 0.998728 -0.020196 89.870163 0.731097 -0.020030 0.681979 0.779848 0.000000 0.000000 0.000000 1.000000
0.683030 -0.042931 -0.729127 -3.057493 0.045766 0.998825 -0.015938 89.704811 0.728955 -0.022483 0.684192 0.862087 0.000000 0.000000 0.000000 1.000000
0.685382 -0.039456 -0.727114 -3.094531 0.045165 0.998912 -0.011632 89.455521 0.726782 -0.024868 0.686418 0.954559 0.000000 0.000000 0.000000 1.000000
0.687766 -0.035833 -0.725048 -3.126901 0.044368 0.998989 -0.007284 89.125061 0.724575 -0.027160 0.688660 1.063582 0.000000 0.000000 0.000000 1.000000
0.690159 -0.032107 -0.722945 -3.140934 0.043426 0.999052 -0.002914 88.720726 0.722354 -0.029384 0.690899 1.186553 0.000000 0.000000 0.000000 1.000000
0.692547 -0.028265 -0.720819 -3.104829 0.042305 0.999104 0.001468 88.284737 0.720132 -0.031511 0.693122 1.306090 0.000000 0.000000 0.000000 1.000000
0.694910 -0.024325 -0.718685 -3.030838 0.041021 0.999141 0.005847 87.950203 0.717925 -0.033544 0.695311 1.420698 0.000000 0.000000 0.000000 1.000000
0.697253 -0.020282 -0.716538 -2.933196 0.039555 0.999165 0.010208 87.649940 0.715733 -0.035460 0.697473 1.531935 0.000000 0.000000 0.000000 1.000000
0.699561 -0.016105 -0.714391 -2.839294 0.038105 0.999164 0.014789 87.371132 0.713556 -0.037568 0.699590 1.605544 0.000000 0.000000 0.000000 1.000000
0.701833 -0.011923 -0.712242 -2.710799 0.036418 0.999153 0.019160 87.173531 0.711410 -0.039386 0.701673 1.643439 0.000000 0.000000 0.000000 1.000000
0.704057 -0.007746 -0.710102 -2.560316 0.034631 0.999125 0.023437 87.105156 0.709299 -0.041093 0.703709 1.711475 0.000000 0.000000 0.000000 1.000000
0.706223 -0.003552 -0.707981 -2.417821 0.032736 0.999082 0.027642 87.175865 0.707232 -0.042698 0.705691 1.751535 0.000000 0.000000 0.000000 1.000000
0.708328 0.000629 -0.705884 -2.292421 0.030770 0.999022 0.031767 87.362854 0.705213 -0.044221 0.707615 1.733036 0.000000 0.000000 0.000000 1.000000
0.710373 0.004786 -0.703809 -2.086542 0.028733 0.998946 0.035794 87.634964 0.703238 -0.045650 0.709487 1.732483 0.000000 0.000000 0.000000 1.000000
0.712359 0.008905 -0.701759 -1.871597 0.026636 0.998856 0.039714 87.916771 0.701310 -0.046982 0.711307 1.715358 0.000000 0.000000 0.000000 1.000000
0.714289 0.012998 -0.699730 -1.675582 0.024451 0.998754 0.043512 88.125938 0.699424 -0.048189 0.713081 1.660002 0.000000 0.000000 0.000000 1.000000
0.716157 0.017010 -0.697731 -1.526411 0.022243 0.998639 0.047177 88.218521 0.697584 -0.049306 0.714804 1.609944 0.000000 0.000000 0.000000 1.000000
0.717927 0.020831 -0.695806 -1.392449 0.020158 0.998511 0.050693 88.270271 0.695826 -0.050420 0.716438 1.607121 0.000000 0.000000 0.000000 1.000000
0.719583 0.024446 -0.693977 -1.301170 0.018205 0.998373 0.054045 88.290939 0.694168 -0.051524 0.717966 1.580671 0.000000 0.000000 0.000000 1.000000
0.721142 0.027919 -0.692224 -1.157487 0.016286 0.998228 0.057228 88.297501 0.692595 -0.052543 0.719410 1.507997 0.000000 0.000000 0.000000 1.000000
0.722602 0.031234 -0.690558 -1.056460 0.014409 0.998081 0.060221 88.300232 0.691114 -0.053466 0.720765 1.399224 0.000000 0.000000 0.000000 1.000000
0.723972 0.034377 -0.688972 -0.965527 0.012592 0.997933 0.063025 88.293396 0.689714 -0.054304 0.722042 1.302233 0.000000 0.000000 0.000000 1.000000
0.725230 0.037309 -0.687495 -0.856792 0.010866 0.997786 0.065610 88.280083 0.688421 -0.055053 0.723219 1.184906 0.000000 0.000000 0.000000 1.000000
0.726382 0.040053 -0.686123 -0.740731 0.009208 0.997644 0.067986 88.260536 0.687229 -0.055702 0.724302 1.037677 0.000000 0.000000 0.000000 1.000000
0.727412 0.042562 -0.684880 -0.630202 0.007650 0.997510 0.070115 88.235992 0.686159 -0.056242 0.725274 0.856611 0.000000 0.000000 0.000000 1.000000
0.728327 0.044816 -0.683763 -0.531397 0.006236 0.997384 0.072015 88.206482 0.685202 -0.056714 0.726142 0.707298 0.000000 0.000000 0.000000 1.000000
0.729109 0.046766 -0.682798 -0.470483 0.004995 0.997273 0.073638 88.172600 0.684379 -0.057101 0.726887 0.581580 0.000000 0.000000 0.000000 1.000000
0.729769 0.048418 -0.681977 -0.423542 0.003941 0.997175 0.075013 88.134346 0.683683 -0.057430 0.727516 0.472686 0.000000 0.000000 0.000000 1.000000
0.730279 0.049694 -0.681339 -0.385377 0.003133 0.997097 0.076082 88.092262 0.683142 -0.057696 0.728003 0.385260 0.000000 0.000000 0.000000 1.000000
0.730660 0.050635 -0.680861 -0.352848 0.002550 0.997037 0.076885 88.047684 0.682737 -0.057912 0.728366 0.315308 0.000000 0.000000 0.000000 1.000000
0.730885 0.051179 -0.680579 -0.323014 0.002213 0.997002 0.077350 88.002464 0.682497 -0.058041 0.728580 0.244929 0.000000 0.000000 0.000000 1.000000
0.730973 0.051376 -0.680470 -0.295755 0.002083 0.996989 0.077510 87.956932 0.682403 -0.058076 0.728665 0.186093 0.000000 0.000000 0.000000 1.000000</float_array><technique_common><accessor source="#mixamorig_Hips-Matrix-animation-output-transform-array" count="133" stride="16"><param type="float4x4"/></accessor></technique_common></source><source id="mixamorig_Hips-Interpolations"><Name_array id="mixamorig_Hips-Interpolations-array" count="133">
 LINEAR LINEAR LINEAR LINEAR LINEAR LINEAR LINEAR LINEAR LINEAR LINEAR LINEAR
LINEAR LINEAR LINEAR LINEAR LINEAR LINEAR LINEAR LINEAR LINEAR LINEAR LINEAR LINEAR
LINEAR LINEAR LINEAR LINEAR LINEAR LINEAR LINEAR LINEAR LINEAR LINEAR LINEAR LINEAR
LINEAR LINEAR LINEAR LINEAR LINEAR LINEAR LINEAR LINEAR LINEAR LINEAR LINEAR LINEAR
LINEAR LINEAR LINEAR LINEAR LINEAR LINEAR LINEAR LINEAR LINEAR LINEAR LINEAR LINEAR
LINEAR LINEAR LINEAR LINEAR LINEAR LINEAR LINEAR LINEAR LINEAR LINEAR LINEAR LINEAR
LINEAR LINEAR LINEAR LINEAR LINEAR LINEAR LINEAR LINEAR LINEAR LINEAR LINEAR LINEAR
LINEAR LINEAR LINEAR LINEAR LINEAR LINEAR LINEAR LINEAR LINEAR LINEAR LINEAR LINEAR
LINEAR LINEAR LINEAR LINEAR LINEAR LINEAR LINEAR LINEAR LINEAR LINEAR LINEAR LINEAR
LINEAR LINEAR LINEAR LINEAR LINEAR LINEAR LINEAR LINEAR LINEAR LINEAR LINEAR LINEAR
LINEAR LINEAR LINEAR LINEAR LINEAR LINEAR LINEAR LINEAR LINEAR LINEAR LINEAR LINEAR
LINEAR LINEAR</Name_array><technique_common><accessor source="#mixamorig_Hips-Interpolations-array" count="133"><param type="name"/></accessor></technique_common></source><sampler id="mixamorig_Hips-Matrix-animation-transform"><input semantic="INPUT" source="#mixamorig_Hips-Matrix-animation-input"/><input semantic="OUTPUT" source="#mixamorig_Hips-Matrix-animation-output-transform"/><input semantic="INTERPOLATION" source="#mixamorig_Hips-Interpolations"/></sampler><channel source="#mixamorig_Hips-Matrix-animation-transform" target="mixamorig_Hips/matrix"/></animation>
    <animation id="mixamorig_Spine-anim" name="mixamorig_Spine"><source id="mixamorig_Spine-Matrix-animation-input"><float_array id="mixamorig_Spine-Matrix-animation-input-array" count="133">

0.000000 0.033333 0.066667 0.100000 0.133333 0.166667 0.200000 0.233333 0.266667 0.300000 0.333333 0.366667 0.400000 0.433333 0.466667 0.500000
0.533333 0.566667 0.600000 0.633333 0.666667 0.700000 0.733333 0.766667 0.800000 0.833333 0.866667 0.900000 0.933333 0.966667 1.000000 1.033333
1.066667 1.100000 1.133333 1.166667 1.200000 1.233333 1.266667 1.300000 1.333333 1.366667 1.400000 1.433333 1.466667 1.500000 1.533333 1.566667
1.600000 1.633333 1.666667 1.700000 1.733333 1.766667 1.800000 1.833333 1.866667 1.900000 1.933333 1.966667 2.000000 2.033333 2.066667 2.100000
2.133333 2.166667 2.200000 2.233333 2.266667 2.300000 2.333333 2.366667 2.400000 2.433333 2.466667 2.500000 2.533333 2.566667 2.600000 2.633333
2.666667 2.700000 2.733333 2.766667 2.800000 2.833333 2.866667 2.900000 2.933333 2.966667 3.000000 3.033333 3.066667 3.100000 3.133333 3.166667
3.200000 3.233333 3.266667 3.300000 3.333333 3.366667 3.400000 3.433333 3.466667 3.500000 3.533333 3.566667 3.600000 3.633333 3.666667 3.700000
3.733333 3.766667 3.800000 3.833333 3.866667 3.900000 3.933333 3.966667 4.000000 4.033333 4.066667 4.100000 4.133333 4.166667 4.200000 4.233333
4.266667 4.300000 4.333333 4.366667 4.400000</float_array><technique_common><accessor source="#mixamorig_Spine-Matrix-animation-input-array" count="133"><param name="TIME" type="float"/></accessor></technique_common></source><source id="mixamorig_Spine-Matrix-animation-output-transform"><float_array id="mixamorig_Spine-Matrix-animation-output-transform-array" count="2128">

0.996703 0.013302 0.080040 0.000000 -0.013327 0.999911 -0.000225 10.729900 -0.080036 -0.000842 0.996792 -1.090300 0.000000 0.000000 0.000000 1.000000
0.996703 0.013302 0.080040 0.000000 -0.013327 0.999911 -0.000225 10.729900 -0.080036 -0.000842 0.996792 -1.090300 0.000000 0.000000 0.000000 1.000000
0.996703 0.013302 0.080040 0.000000 -0.013327 0.999911 -0.000225 10.729900 -0.080036 -0.000842 0.996792 -1.090300 0.000000 0.000000 0.000000 1.000000
0.996742 0.012985 0.079608 0.000000 -0.012996 0.999915 -0.000374 10.729900 -0.079606 -0.000661 0.996826 -1.090300 0.000000 0.000000 0.000000 1.000000
0.996794 0.012666 0.079005 -0.000000 -0.012659 0.999920 -0.000589 10.729900 -0.079006 -0.000413 0.996874 -1.090300 0.000000 0.000000 0.000000 1.000000
0.996832 0.012289 0.078581 0.000000 -0.012253 0.999924 -0.000947 10.729900 -0.078586 -0.000019 0.996907 -1.090300 0.000000 0.000000 0.000000 1.000000
0.996850 0.011858 0.078422 -0.000000 -0.011779 0.999930 -0.001480 10.729900 -0.078435 0.000552 0.996919 -1.090300 0.000000 0.000000 0.000000 1.000000
0.996826 0.011429 0.078785 0.000000 -0.011311 0.999934 -0.001944 10.729900 -0.078802 0.001047 0.996890 -1.090300 0.000000 0.000000 0.000000 1.000000
0.996804 0.011241 0.079091 0.000000 -0.011074 0.999935 -0.002555 10.729900 -0.079115 0.001671 0.996864 -1.090300 0.000000 0.000000 0.000000 1.000000
0.996811 0.011526 0.078965 0.000000 -0.011306 0.999931 -0.003231 10.729900 -0.078997 0.002328 0.996872 -1.090300 0.000000 0.000000 0.000000 1.000000
0.996803 0.012147 0.078965 0.000000 -0.011875 0.999922 -0.003920 10.729900 -0.079006 0.002970 0.996870 -1.090300 0.000000 0.000000 0.000000 1.000000
0.996797 0.012987 0.078912 0.000000 -0.012653 0.999909 -0.004722 10.729900 -0.078966 0.003709 0.996870 -1.090300 0.000000 0.000000 0.000000 1.000000
0.996776 0.013985 0.079004 0.000000 -0.013580 0.999892 -0.005655 10.729900 -0.079075 0.004564 0.996858 -1.090300 0.000000 0.000000 0.000000 1.000000
0.996750 0.015232 0.079104 0.000000 -0.014764 0.999870 -0.006497 10.729900 -0.079193 0.005308 0.996845 -1.090300 0.000000 0.000000 0.000000 1.000000
0.996708 0.016630 0.079355 -0.000000 -0.016097 0.999843 -0.007351 10.729900 -0.079465 0.006049 0.996819 -1.090300 0.000000 0.000000 0.000000 1.000000
0.996636 0.018052 0.079943 0.000000 -0.017428 0.999812 -0.008500 10.729900 -0.080081 0.007079 0.996763 -1.090300 0.000000 0.000000 0.000000 1.000000
0.996569 0.020070 0.080291 -0.000000 -0.019343 0.999765 -0.009821 10.729900 -0.080469 0.008235 0.996723 -1.090300 0.000000 0.000000 0.000000 1.000000
0.996578 0.022067 0.079659 0.000000 -0.021236 0.999711 -0.011266 10.729900 -0.079885 0.009536 0.996759 -1.090300 0.000000 0.000000 0.000000 1.000000
0.996532 0.024370 0.079559 -0.000000 -0.023526 0.999657 -0.011535 10.729900 -0.079813 0.009623 0.996763 -1.090300 0.000000 0.000000 0.000000 1.000000
0.996535 0.026297 0.078910 0.000000 -0.025494 0.999613 -0.011162 10.729900 -0.079173 0.009112 0.996819 -1.090300 0.000000 0.000000 0.000000 1.000000
0.996540 0.027925 0.078280 -0.000000 -0.027109 0.999567 -0.011471 10.729900 -0.078567 0.009309 0.996865 -1.090300 0.000000 0.000000 0.000000 1.000000
0.996599 0.029273 0.077033 -0.000000 -0.028400 0.999520 -0.012403 10.729900 -0.077359 0.010173 0.996951 -1.090300 0.000000 0.000000 0.000000 1.000000
0.996716 0.030105 0.075177 0.000000 -0.029211 0.999489 -0.012972 10.729900 -0.075529 0.010734 0.997086 -1.090300 0.000000 0.000000 0.000000 1.000000
0.996860 0.030288 0.073164 -0.000000 -0.029366 0.999476 -0.013643 10.729900 -0.073539 0.011452 0.997227 -1.090300 0.000000 0.000000 0.000000 1.000000
0.997018 0.029600 0.071272 0.000000 -0.028657 0.999488 -0.014213 10.729900 -0.071656 0.012128 0.997356 -1.090300 0.000000 0.000000 0.000000 1.000000
0.997132 0.028412 0.070150 -0.000000 -0.027451 0.999516 -0.014622 10.729900 -0.070532 0.012654 0.997429 -1.090300 0.000000 0.000000 0.000000 1.000000
0.997202 0.027203 0.069633 0.000000 -0.026214 0.999543 -0.015085 10.729900 -0.070012 0.013218 0.997459 -1.090300 0.000000 0.000000 0.000000 1.000000
0.997275 0.026285 0.068937 0.000000 -0.025263 0.999558 -0.015657 10.729900 -0.069318 0.013873 0.997498 -1.090300 0.000000 0.000000 0.000000 1.000000
0.997327 0.025637 0.068424 0.000000 -0.024610 0.999572 -0.015811 10.729900 -0.068800 0.014084 0.997531 -1.090300 0.000000 0.000000 0.000000 1.000000
0.997369 0.025045 0.068022 0.000000 -0.024015 0.999585 -0.015916 10.729900 -0.068392 0.014240 0.997557 -1.090300 0.000000 0.000000 0.000000 1.000000
0.997373 0.025319 0.067870 0.000000 -0.024284 0.999577 -0.016023 10.729900 -0.068247 0.014333 0.997565 -1.090300 0.000000 0.000000 0.000000 1.000000
0.997337 0.026166 0.068071 -0.000000 -0.025125 0.999555 -0.016100 10.729900 -0.068462 0.014347 0.997551 -1.090300 0.000000 0.000000 0.000000 1.000000
0.997307 0.026722 0.068301 0.000000 -0.025692 0.999543 -0.015923 10.729900 -0.068695 0.014125 0.997538 -1.090300 0.000000 0.000000 0.000000 1.000000
0.997300 0.026632 0.068429 0.000000 -0.025616 0.999549 -0.015681 10.729900 -0.068816 0.013886 0.997533 -1.090300 0.000000 0.000000 0.000000 1.000000
0.997277 0.027270 0.068522 0.000000 -0.026258 0.999533 -0.015631 10.729900 -0.068917 0.013789 0.997527 -1.090300 0.000000 0.000000 0.000000 1.000000
0.997241 0.028531 0.068530 0.000000 -0.027521 0.999499 -0.015649 10.729900 -0.068942 0.013719 0.997526 -1.090300 0.000000 0.000000 0.000000 1.000000
0.997220 0.030513 0.067975 0.000000 -0.029524 0.999444 -0.015508 10.729900 -0.068410 0.013458 0.997567 -1.090300 0.000000 0.000000 0.000000 1.000000
0.997225 0.031366 0.067515 -0.000000 -0.030404 0.999422 -0.015237 10.729900 -0.067954 0.013142 0.997602 -1.090300 0.000000 0.000000 0.000000 1.000000
0.997258 0.030432 0.067461 0.000000 -0.029465 0.999449 -0.015288 10.729900 -0.067889 0.013258 0.997605 -1.090300 0.000000 0.000000 0.000000 1.000000
0.997228 0.030208 0.068005 0.000000 -0.029236 0.999456 -0.015248 10.729900 -0.068428 0.013218 0.997568 -1.090300 0.000000 0.000000 0.000000 1.000000
0.997169 0.030069 0.068914 0.000000 -0.029107 0.999465 -0.014918 10.729900 -0.069326 0.012870 0.997511 -1.090300 0.000000 0.000000 0.000000 1.000000
0.997075 0.030421 0.070117 0.000000 -0.029476 0.999461 -0.014482 10.729900 -0.070520 0.012373 0.997434 -1.090300 0.000000 0.000000 0.000000 1.000000
0.996987 0.030296 0.071406 -0.000000 -0.029416 0.999478 -0.013342 10.729900 -0.071773 0.011201 0.997358 -1.090300 0.000000 0.000000 0.000000 1.000000
0.996907 0.030374 0.072482 0.000000 -0.029578 0.999490 -0.012027 10.729900 -0.072810 0.009846 0.997297 -1.090300 0.000000 0.000000 0.000000 1.000000
0.996802 0.030545 0.073839 0.000000 -0.029838 0.999498 -0.010655 10.729900 -0.074128 0.008417 0.997213 -1.090300 0.000000 0.000000 0.000000 1.000000
0.996671 0.031298 0.075283 0.000000 -0.030631 0.999481 -0.009997 10.729900 -0.075557 0.007658 0.997112 -1.090300 0.000000 0.000000 0.000000 1.000000
0.996592 0.031828 0.076098 0.000000 -0.031148 0.999464 -0.010097 10.729900 -0.076379 0.007692 0.997049 -1.090300 0.000000 0.000000 0.000000 1.000000
0.996649 0.031843 0.075348 0.000000 -0.031124 0.999458 -0.010699 10.729900 -0.075648 0.008318 0.997100 -1.090300 0.000000 0.000000 0.000000 1.000000
0.996845 0.031828 0.072706 -0.000000 -0.031095 0.999454 -0.011193 10.729900 -0.073022 0.008897 0.997291 -1.090300 0.000000 0.000000 0.000000 1.000000
0.997086 0.032833 0.068863 0.000000 -0.032115 0.999418 -0.011517 10.729900 -0.069201 0.009272 0.997560 -1.090300 0.000000 0.000000 0.000000 1.000000
0.997246 0.034742 0.065528 -0.000000 -0.034025 0.999349 -0.012029 10.729900 -0.065903 0.009767 0.997778 -1.090300 0.000000 0.000000 0.000000 1.000000
0.997311 0.037786 0.062787 -0.000000 -0.037057 0.999232 -0.012734 10.729900 -0.063220 0.010373 0.997946 -1.090300 0.000000 0.000000 0.000000 1.000000
0.997242 0.040971 0.061891 0.000000 -0.040220 0.999102 -0.013323 10.729900 -0.062381 0.010797 0.997994 -1.090300 0.000000 0.000000 0.000000 1.000000
0.997147 0.042312 0.062505 -0.000000 -0.041533 0.999043 -0.013713 10.729900 -0.063026 0.011078 0.997950 -1.090300 0.000000 0.000000 0.000000 1.000000
0.997077 0.041747 0.063992 0.000000 -0.040922 0.999062 -0.014147 10.729900 -0.064522 0.011487 0.997850 -1.090300 0.000000 0.000000 0.000000 1.000000
0.996994 0.041465 0.065456 0.000000 -0.040623 0.999075 -0.014136 10.729900 -0.065981 0.011434 0.997755 -1.090300 0.000000 0.000000 0.000000 1.000000
0.996915 0.041307 0.066736 -0.000000 -0.040486 0.999087 -0.013604 10.729900 -0.067237 0.010860 0.997678 -1.090300 0.000000 0.000000 0.000000 1.000000
0.996902 0.040647 0.067333 0.000000 -0.039868 0.999122 -0.012874 10.729900 -0.067797 0.010150 0.997647 -1.090300 0.000000 0.000000 0.000000 1.000000
0.996894 0.039811 0.067946 0.000000 -0.039059 0.999160 -0.012374 10.729900 -0.068382 0.009681 0.997612 -1.090300 0.000000 0.000000 0.000000 1.000000
0.996952 0.038817 0.067672 0.000000 -0.038080 0.999201 -0.012141 10.729900 -0.068090 0.009527 0.997634 -1.090300 0.000000 0.000000 0.000000 1.000000
0.997017 0.038312 0.067000 -0.000000 -0.037604 0.999223 -0.011805 10.729900 -0.067400 0.009250 0.997683 -1.090300 0.000000 0.000000 0.000000 1.000000
0.997064 0.038270 0.066329 0.000000 -0.037594 0.999228 -0.011397 10.729900 -0.066714 0.008870 0.997733 -1.090300 0.000000 0.000000 0.000000 1.000000
0.997103 0.038344 0.065696 0.000000 -0.037697 0.999228 -0.011054 10.729900 -0.066069 0.008546 0.997778 -1.090300 0.000000 0.000000 0.000000 1.000000
0.997116 0.038511 0.065394 0.000000 -0.037879 0.999223 -0.010872 10.729900 -0.065762 0.008364 0.997800 -1.090300 0.000000 0.000000 0.000000 1.000000
0.997071 0.039108 0.065721 -0.000000 -0.038477 0.999201 -0.010840 10.729900 -0.066092 0.008279 0.997779 -1.090300 0.000000 0.000000 0.000000 1.000000
0.997029 0.039737 0.065984 0.000000 -0.039101 0.999176 -0.010900 10.729900 -0.066363 0.008288 0.997761 -1.090300 0.000000 0.000000 0.000000 1.000000
0.996970 0.040365 0.066487 -0.000000 -0.039730 0.999152 -0.010843 10.729900 -0.066869 0.008169 0.997728 -1.090300 0.000000 0.000000 0.000000 1.000000
0.996896 0.041104 0.067152 0.000000 -0.040476 0.999123 -0.010691 10.729900 -0.067533 0.007940 0.997685 -1.090300 0.000000 0.000000 0.000000 1.000000
0.996809 0.042116 0.067816 -0.000000 -0.041491 0.999083 -0.010609 10.729900 -0.068200 0.007761 0.997641 -1.090300 0.000000 0.000000 0.000000 1.000000
0.996709 0.043316 0.068514 0.000000 -0.042690 0.999032 -0.010568 10.729900 -0.068906 0.007609 0.997594 -1.090300 0.000000 0.000000 0.000000 1.000000
0.996635 0.044267 0.068990 0.000000 -0.043661 0.998994 -0.010281 10.729900 -0.069375 0.007234 0.997564 -1.090300 0.000000 0.000000 0.000000 1.000000
0.996619 0.044622 0.068991 0.000000 -0.044039 0.998980 -0.009938 10.729900 -0.069364 0.006867 0.997568 -1.090300 0.000000 0.000000 0.000000 1.000000
0.996636 0.044509 0.068817 -0.000000 -0.043943 0.998987 -0.009712 10.729900 -0.069180 0.006655 0.997582 -1.090300 0.000000 0.000000 0.000000 1.000000
0.996675 0.043864 0.068662 0.000000 -0.043302 0.999015 -0.009655 10.729900 -0.069018 0.006649 0.997593 -1.090300 0.000000 0.000000 0.000000 1.000000
0.996702 0.042923 0.068863 0.000000 -0.042365 0.999057 -0.009550 10.729900 -0.069207 0.006601 0.997580 -1.090300 0.000000 0.000000 0.000000 1.000000
0.996718 0.042188 0.069084 0.000000 -0.041628 0.999088 -0.009528 10.729900 -0.069423 0.006621 0.997565 -1.090300 0.000000 0.000000 0.000000 1.000000
0.996713 0.041691 0.069463 0.000000 -0.041141 0.999110 -0.009340 10.729900 -0.069790 0.006451 0.997541 -1.090300 0.000000 0.000000 0.000000 1.000000
0.996725 0.041271 0.069534 0.000000 -0.040720 0.999127 -0.009325 10.729900 -0.069858 0.006463 0.997536 -1.090300 0.000000 0.000000 0.000000 1.000000
0.996759 0.040936 0.069250 0.000000 -0.040380 0.999140 -0.009408 10.729900 -0.069576 0.006582 0.997555 -1.090300 0.000000 0.000000 0.000000 1.000000
0.996835 0.040380 0.068481 0.000000 -0.039803 0.999160 -0.009777 10.729900 -0.068818 0.007020 0.997605 -1.090300 0.000000 0.000000 0.000000 1.000000
0.996937 0.039253 0.067645 0.000000 -0.038654 0.999201 -0.010147 10.729900 -0.067989 0.007501 0.997658 -1.090300 0.000000 0.000000 0.000000 1.000000
0.997078 0.037633 0.066472 -0.000000 -0.036998 0.999257 -0.010763 10.729900 -0.066827 0.008273 0.997730 -1.090300 0.000000 0.000000 0.000000 1.000000
0.997230 0.035323 0.065462 0.000000 -0.034681 0.999339 -0.010922 10.729900 -0.065805 0.008621 0.997795 -1.090300 0.000000 0.000000 0.000000 1.000000
0.997387 0.032213 0.064660 0.000000 -0.031588 0.999444 -0.010671 10.729900 -0.064968 0.008601 0.997850 -1.090300 0.000000 0.000000 0.000000 1.000000
0.997471 0.029574 0.064631 0.000000 -0.029014 0.999533 -0.009601 10.729900 -0.064885 0.007701 0.997863 -1.090300 0.000000 0.000000 0.000000 1.000000
0.997515 0.027315 0.064946 -0.000000 -0.026796 0.999602 -0.008851 10.729900 -0.065161 0.007088 0.997850 -1.090300 0.000000 0.000000 0.000000 1.000000
0.997502 0.025538 0.065863 0.000000 -0.025060 0.999653 -0.008073 10.729900 -0.066047 0.006402 0.997796 -1.090300 0.000000 0.000000 0.000000 1.000000
0.997455 0.023857 0.067190 0.000000 -0.023428 0.999700 -0.007164 10.729900 -0.067341 0.005572 0.997714 -1.090300 0.000000 0.000000 0.000000 1.000000
0.997399 0.022583 0.068446 -0.000000 -0.022183 0.999732 -0.006594 10.729900 -0.068577 0.005058 0.997633 -1.090300 0.000000 0.000000 0.000000 1.000000
0.997354 0.021749 0.069362 0.000000 -0.021354 0.999751 -0.006422 10.729900 -0.069484 0.004924 0.997571 -1.090300 0.000000 0.000000 0.000000 1.000000
0.997311 0.021336 0.070112 -0.000000 -0.020977 0.999763 -0.005859 10.729900 -0.070221 0.004372 0.997522 -1.090300 0.000000 0.000000 0.000000 1.000000
0.997266 0.020932 0.070874 0.000000 -0.020625 0.999774 -0.005065 10.729900 -0.070964 0.003589 0.997472 -1.090300 0.000000 0.000000 0.000000 1.000000
0.997232 0.020418 0.071489 0.000000 -0.020116 0.999785 -0.004934 10.729900 -0.071575 0.003482 0.997429 -1.090300 0.000000 0.000000 0.000000 1.000000
0.997217 0.019809 0.071874 0.000000 -0.019526 0.999799 -0.004638 10.729900 -0.071951 0.003221 0.997403 -1.090300 0.000000 0.000000 0.000000 1.000000
0.997197 0.019325 0.072280 -0.000000 -0.019079 0.999810 -0.004089 10.729900 -0.072345 0.002699 0.997376 -1.090300 0.000000 0.000000 0.000000 1.000000
0.997176 0.018909 0.072686 -0.000000 -0.018711 0.999819 -0.003408 10.729900 -0.072737 0.002039 0.997349 -1.090300 0.000000 0.000000 0.000000 1.000000
0.997176 0.018340 0.072823 0.000000 -0.018180 0.999831 -0.002858 10.729900 -0.072863 0.001526 0.997341 -1.090300 0.000000 0.000000 0.000000 1.000000
