<?xml version="1.0" encoding="utf-8"?>
<COLLADA xmlns="http://www.collada.org/2005/11/COLLADASchema" version="1.4.1">
  <asset><contributor><author>Mixamo</author><authoring_tool>COLLADA Mixamo exporter</authoring_tool><comments></comments></contributor><created>2020-06-21T20:46:40Z</created><modified>2020-06-21T20:46:40Z</modified><revision></revision><title></title><unit meter="0.010000"/><up_axis>Y_UP</up_axis></asset>
  <library_animations>
    <animation id="mixamorig_Hips-anim" name="mixamorig_Hips"><source id="mixamorig_Hips-Matrix-animation-input"><float_array id="mixamorig_Hips-Matrix-animation-input-array" count="185">

0.000000 0.033333 0.066667 0.100000 0.133333 0.166667 0.200000 0.233333 0.266667 0.300000 0.333333 0.366667 0.400000 0.433333 0.466667 0.500000
0.533333 0.566667 0.600000 0.633333 0.666667 0.700000 0.733333 0.766667 0.800000 0.833333 0.866667 0.900000 0.933333 0.966667 1.000000 1.033333
1.066667 1.100000 1.133333 1.166667 1.200000 1.233333 1.266667 1.300000 1.333333 1.366667 1.400000 1.433333 1.466667 1.500000 1.533333 1.566667
1.600000 1.633333 1.666667 1.700000 1.733333 1.766667 1.800000 1.833333 1.866667 1.900000 1.933333 1.966667 2.000000 2.033333 2.066667 2.100000
2.133333 2.166667 2.200000 2.233333 2.266667 2.300000 2.333333 2.366667 2.400000 2.433333 2.466667 2.500000 2.533333 2.566667 2.600000 2.633333
2.666667 2.700000 2.733333 2.766667 2.800000 2.833333 2.866667 2.900000 2.933333 2.966667 3.000000 3.033333 3.066667 3.100000 3.133333 3.166667
3.200000 3.233333 3.266667 3.300000 3.333333 3.366667 3.400000 3.433333 3.466667 3.500000 3.533333 3.566667 3.600000 3.633333 3.666667 3.700000
3.733333 3.766667 3.800000 3.833333 3.866667 3.900000 3.933333 3.966667 4.000000 4.033333 4.066667 4.100000 4.133333 4.166667 4.200000 4.233333
4.266667 4.300000 4.333333 4.366667 4.400000 4.433333 4.466667 4.500000 4.533333 4.566667 4.600000 4.633333 4.666667 4.700000 4.733333 4.766667
4.800000 4.833333 4.866667 4.900000 4.933333 4.966667 5.000000 5.033333 5.066667 5.100000 5.133333 5.166667 5.200000 5.233333 5.266667 5.300000
5.333333 5.366667 5.400000 5.433333 5.466667 5.500000 5.533333 5.566667 5.600000 5.633333 5.666667 5.700000 5.733333 5.766667 5.800000 5.833333
5.866667 5.900000 5.933333 5.966667 6.000000 6.033333 6.066667 6.100000 6.133333</float_array><technique_common><accessor source="#mixamorig_Hips-Matrix-animation-input-array" count="185"><param name="TIME" type="float"/></accessor></technique_common></source><source id="mixamorig_Hips-Matrix-animation-output-transform"><float_array id="mixamorig_Hips-Matrix-animation-output-transform-array" count="2960">

0.913617 0.059792 -0.402154 6.154192 -0.013067 0.992935 0.117942 91.162689 0.406365 -0.102499 0.907944 -0.534078 0.000000 0.000000 0.000000 1.000000
0.912344 0.060331 -0.404955 6.176435 -0.012025 0.992606 0.120788 91.199409 0.409248 -0.105330 0.906323 -0.527452 0.000000 0.000000 0.000000 1.000000
0.911386 0.060115 -0.407139 6.193620 -0.010676 0.992395 0.122631 91.240257 0.411415 -0.107417 0.905096 -0.517053 0.000000 0.000000 0.000000 1.000000
0.911093 0.058356 -0.408050 6.202056 -0.008722 0.992436 0.122456 91.276848 0.412109 -0.108010 0.904710 -0.498993 0.000000 0.000000 0.000000 1.000000
0.911452 0.055347 -0.407667 6.201473 -0.006448 0.992709 0.120359 91.298050 0.411356 -0.107073 0.905164 -0.476092 0.000000 0.000000 0.000000 1.000000
0.911935 0.052764 -0.406928 6.201930 -0.004761 0.992992 0.118086 91.301971 0.410307 -0.105750 0.905795 -0.458105 0.000000 0.000000 0.000000 1.000000
0.912090 0.051847 -0.406698 6.210780 -0.004216 0.993106 0.117147 91.301163 0.409968 -0.105134 0.906020 -0.448731 0.000000 0.000000 0.000000 1.000000
0.911995 0.052066 -0.406883 6.224575 -0.004353 0.993084 0.117322 91.303452 0.410178 -0.105226 0.905915 -0.441830 0.000000 0.000000 0.000000 1.000000
0.912155 0.051891 -0.406547 6.231699 -0.004298 0.993109 0.117117 91.306145 0.409823 -0.105081 0.906092 -0.432392 0.000000 0.000000 0.000000 1.000000
0.912320 0.051842 -0.406183 6.233351 -0.004489 0.993160 0.116677 91.303841 0.409453 -0.104624 0.906312 -0.424022 0.000000 0.000000 0.000000 1.000000
0.912214 0.052746 -0.406306 6.232550 -0.005338 0.993124 0.116942 91.296219 0.409680 -0.104507 0.906223 -0.419008 0.000000 0.000000 0.000000 1.000000
0.911960 0.054465 -0.406648 6.228065 -0.006638 0.992978 0.118109 91.285263 0.410225 -0.105011 0.905918 -0.419822 0.000000 0.000000 0.000000 1.000000
0.911789 0.056313 -0.406780 6.218870 -0.008114 0.992831 0.119255 91.273575 0.410579 -0.105435 0.905709 -0.427190 0.000000 0.000000 0.000000 1.000000
0.911833 0.057272 -0.406548 6.205098 -0.009060 0.992788 0.119539 91.266846 0.410462 -0.105317 0.905775 -0.427277 0.000000 0.000000 0.000000 1.000000
0.912003 0.056977 -0.406207 6.187712 -0.008241 0.992651 0.120732 91.272522 0.410101 -0.106761 0.905770 -0.404424 0.000000 0.000000 0.000000 1.000000
0.912166 0.055944 -0.405984 6.167959 -0.005446 0.992206 0.124488 91.289131 0.409784 -0.111343 0.905362 -0.366176 0.000000 0.000000 0.000000 1.000000
0.912317 0.054977 -0.405777 6.149768 -0.002969 0.991808 0.127701 91.304497 0.409473 -0.115299 0.905007 -0.331972 0.000000 0.000000 0.000000 1.000000
0.912490 0.053950 -0.405527 6.133831 -0.002214 0.991903 0.126978 91.308350 0.409094 -0.114968 0.905221 -0.318851 0.000000 0.000000 0.000000 1.000000
0.912707 0.052947 -0.405169 6.118214 -0.002376 0.992240 0.124312 91.303627 0.408607 -0.112498 0.905751 -0.331127 0.000000 0.000000 0.000000 1.000000
0.912918 0.053121 -0.404671 6.106077 -0.003099 0.992368 0.123276 91.300514 0.408130 -0.111287 0.906115 -0.352655 0.000000 0.000000 0.000000 1.000000
0.913083 0.053895 -0.404197 6.091955 -0.003822 0.992315 0.123679 91.301559 0.407757 -0.111384 0.906271 -0.360808 0.000000 0.000000 0.000000 1.000000
0.913253 0.054048 -0.403793 6.078823 -0.003983 0.992298 0.123813 91.299408 0.407374 -0.111465 0.906434 -0.363830 0.000000 0.000000 0.000000 1.000000
0.913445 0.053766 -0.403394 6.065032 -0.003967 0.992363 0.123285 91.296249 0.406942 -0.111014 0.906683 -0.365419 0.000000 0.000000 0.000000 1.000000
0.913603 0.053589 -0.403060 6.050818 -0.004142 0.992452 0.122563 91.295105 0.406586 -0.110304 0.906930 -0.366715 0.000000 0.000000 0.000000 1.000000
0.913664 0.053786 -0.402895 6.038478 -0.004561 0.992501 0.122153 91.296883 0.406444 -0.109769 0.907058 -0.366381 0.000000 0.000000 0.000000 1.000000
0.913665 0.054287 -0.402827 6.029151 -0.005160 0.992510 0.122051 91.299606 0.406436 -0.109435 0.907102 -0.364714 0.000000 0.000000 0.000000 1.000000
0.913736 0.054388 -0.402652 6.024464 -0.005496 0.992564 0.121597 91.298805 0.406271 -0.108895 0.907241 -0.363665 0.000000 0.000000 0.000000 1.000000
0.913833 0.054126 -0.402468 6.022010 -0.005690 0.992687 0.120583 91.294464 0.406051 -0.107903 0.907458 -0.361545 0.000000 0.000000 0.000000 1.000000
0.913787 0.054587 -0.402509 6.020523 -0.006583 0.992789 0.119695 91.291100 0.406141 -0.106726 0.907557 -0.352720 0.000000 0.000000 0.000000 1.000000
0.913684 0.055531 -0.402614 6.020455 -0.007771 0.992828 0.119302 91.291061 0.406351 -0.105875 0.907562 -0.338173 0.000000 0.000000 0.000000 1.000000
0.913675 0.055715 -0.402609 6.024420 -0.008069 0.992851 0.119083 91.289772 0.406366 -0.105555 0.907593 -0.325331 0.000000 0.000000 0.000000 1.000000
0.913673 0.055596 -0.402630 6.033005 -0.008034 0.992878 0.118868 91.283493 0.406371 -0.105372 0.907612 -0.313172 0.000000 0.000000 0.000000 1.000000
0.913699 0.055981 -0.402518 6.044551 -0.008533 0.992891 0.118718 91.273621 0.406302 -0.105038 0.907681 -0.296112 0.000000 0.000000 0.000000 1.000000
0.913827 0.056595 -0.402141 6.066630 -0.009083 0.992842 0.119087 91.260277 0.406003 -0.105172 0.907800 -0.276438 0.000000 0.000000 0.000000 1.000000
0.913884 0.057606 -0.401869 6.112093 -0.009690 0.992695 0.120263 91.239441 0.405861 -0.106012 0.907766 -0.259145 0.000000 0.000000 0.000000 1.000000
0.913839 0.059359 -0.401715 6.194698 -0.011166 0.992557 0.121265 91.200607 0.405923 -0.106331 0.907700 -0.241301 0.000000 0.000000 0.000000 1.000000
0.913921 0.061818 -0.401157 6.310178 -0.013915 0.992525 0.121246 91.140610 0.405654 -0.105227 0.907950 -0.212330 0.000000 0.000000 0.000000 1.000000
0.914132 0.065045 -0.400165 6.472872 -0.017500 0.992456 0.121343 91.073013 0.405039 -0.103921 0.908374 -0.158890 0.000000 0.000000 0.000000 1.000000
0.914334 0.068666 -0.399097 6.728024 -0.020953 0.992221 0.122711 91.021637 0.404419 -0.103837 0.908660 -0.056762 0.000000 0.000000 0.000000 1.000000
0.914308 0.071519 -0.398656 7.315541 -0.023515 0.991999 0.124034 90.996323 0.404337 -0.104031 0.908674 0.186596 0.000000 0.000000 0.000000 1.000000
0.913490 0.073984 -0.400078 7.899673 -0.025717 0.991861 0.124700 91.007668 0.406048 -0.103623 0.907958 0.520645 0.000000 0.000000 0.000000 1.000000
0.911468 0.077526 -0.404001 8.635986 -0.028140 0.991531 0.126782 91.045906 0.410408 -0.104189 0.905930 0.933401 0.000000 0.000000 0.000000 1.000000
0.908173 0.082939 -0.410296 9.538827 -0.031161 0.990850 0.131320 91.093811 0.417433 -0.106476 0.902448 1.383667 0.000000 0.000000 0.000000 1.000000
0.903096 0.089743 -0.419957 10.610301 -0.034918 0.990028 0.136474 91.160332 0.428016 -0.108585 0.897224 1.854107 0.000000 0.000000 0.000000 1.000000
0.895868 0.097233 -0.433550 11.750085 -0.039554 0.989340 0.140147 91.242279 0.442555 -0.108404 0.890165 2.295136 0.000000 0.000000 0.000000 1.000000
0.886601 0.105810 -0.450271 12.861095 -0.045132 0.988627 0.143454 91.251953 0.460329 -0.106865 0.881293 2.608517 0.000000 0.000000 0.000000 1.000000
0.876655 0.117267 -0.466609 13.801889 -0.052844 0.987442 0.148879 91.128166 0.478208 -0.105858 0.871844 2.768298 0.000000 0.000000 0.000000 1.000000
0.868226 0.133125 -0.477976 14.498198 -0.064965 0.985541 0.156485 90.933105 0.491897 -0.104813 0.864321 2.856153 0.000000 0.000000 0.000000 1.000000
0.862628 0.152340 -0.482354 15.044429 -0.081917 0.983057 0.163977 90.843407 0.499162 -0.101938 0.860492 2.970065 0.000000 0.000000 0.000000 1.000000
0.859706 0.170922 -0.481344 15.632654 -0.099198 0.980279 0.170918 91.162628 0.501065 -0.099191 0.859706 3.132999 0.000000 0.000000 0.000000 1.000000
0.859164 0.184765 -0.477178 16.275373 -0.115106 0.978420 0.171597 91.582382 0.498586 -0.092504 0.861890 3.359622 0.000000 0.000000 0.000000 1.000000
0.860898 0.193315 -0.470621 16.834389 -0.125927 0.977184 0.171039 91.752380 0.492947 -0.087983 0.865599 3.500593 0.000000 0.000000 0.000000 1.000000
0.862956 0.198713 -0.464564 17.325346 -0.132875 0.976308 0.170784 92.007156 0.487495 -0.085650 0.868915 3.626755 0.000000 0.000000 0.000000 1.000000
0.862108 0.201888 -0.464770 17.592815 -0.137412 0.975980 0.169061 91.934265 0.487737 -0.081884 0.869142 3.768407 0.000000 0.000000 0.000000 1.000000
0.858528 0.204220 -0.470344 17.756956 -0.142435 0.976149 0.163847 91.556137 0.492586 -0.073674 0.867140 3.714956 0.000000 0.000000 0.000000 1.000000
0.857859 0.204504 -0.471440 17.585375 -0.146161 0.976614 0.157679 91.136940 0.492661 -0.066361 0.867687 3.611243 0.000000 0.000000 0.000000 1.000000
0.863084 0.203364 -0.462309 17.326118 -0.147596 0.976953 0.154202 91.129669 0.483013 -0.064854 0.873208 3.646358 0.000000 0.000000 0.000000 1.000000
0.870828 0.199174 -0.449431 17.100403 -0.145584 0.977722 0.151209 91.312317 0.469535 -0.066247 0.880425 3.750645 0.000000 0.000000 0.000000 1.000000
0.876675 0.191248 -0.441436 16.853069 -0.140158 0.979316 0.145931 91.455284 0.460214 -0.066063 0.885347 3.879148 0.000000 0.000000 0.000000 1.000000
0.879776 0.181837 -0.439237 16.599823 -0.132899 0.981191 0.140005 91.487442 0.456433 -0.064799 0.887395 3.993581 0.000000 0.000000 0.000000 1.000000
0.881857 0.172622 -0.438782 16.323652 -0.124761 0.982833 0.135916 91.442429 0.454712 -0.065116 0.888255 4.048878 0.000000 0.000000 0.000000 1.000000
0.883803 0.162446 -0.438753 16.003668 -0.114978 0.984441 0.132877 91.480919 0.453512 -0.066990 0.888729 4.057896 0.000000 0.000000 0.000000 1.000000
0.884786 0.150659 -0.440971 15.601294 -0.103500 0.986194 0.129267 91.487434 0.454358 -0.068733 0.888163 4.048154 0.000000 0.000000 0.000000 1.000000
0.883703 0.140225 -0.446549 15.123234 -0.092625 0.987592 0.126822 91.491066 0.458792 -0.070711 0.885726 4.038256 0.000000 0.000000 0.000000 1.000000
0.881032 0.132956 -0.453989 14.576956 -0.083363 0.988308 0.127660 91.525360 0.465654 -0.074627 0.881815 4.042189 0.000000 0.000000 0.000000 1.000000
0.878604 0.127199 -0.460298 13.991030 -0.074645 0.988606 0.130713 91.530884 0.471680 -0.080486 0.878089 4.016080 0.000000 0.000000 0.000000 1.000000
0.878005 0.122553 -0.462696 13.344401 -0.067113 0.988638 0.134505 91.527855 0.473922 -0.087043 0.876254 3.909253 0.000000 0.000000 0.000000 1.000000
0.879704 0.119700 -0.460210 12.615228 -0.061898 0.988390 0.138758 91.553078 0.471476 -0.093580 0.876900 3.691860 0.000000 0.000000 0.000000 1.000000
0.883173 0.117142 -0.454185 11.808118 -0.057576 0.988064 0.142879 91.592766 0.465501 -0.100037 0.879376 3.413529 0.000000 0.000000 0.000000 1.000000
0.886879 0.113740 -0.447782 10.945337 -0.052728 0.987808 0.146477 91.632980 0.458983 -0.106296 0.882063 3.085699 0.000000 0.000000 0.000000 1.000000
0.890010 0.108714 -0.442790 10.056990 -0.046036 0.987621 0.149949 91.672440 0.453610 -0.113072 0.883998 2.712280 0.000000 0.000000 0.000000 1.000000
0.893113 0.101959 -0.438126 9.138943 -0.037776 0.987534 0.152809 91.718811 0.448244 -0.119925 0.885830 2.308560 0.000000 0.000000 0.000000 1.000000
0.896652 0.094123 -0.432616 8.184764 -0.029499 0.987670 0.153743 91.754044 0.441752 -0.125092 0.888373 1.869321 0.000000 0.000000 0.000000 1.000000
0.900266 0.085901 -0.426782 7.201415 -0.021707 0.987977 0.153067 91.768661 0.434799 -0.128537 0.891307 1.373618 0.000000 0.000000 0.000000 1.000000
0.904010 0.076685 -0.420577 6.192843 -0.012900 0.988226 0.152458 91.752335 0.427316 -0.132399 0.894355 0.821865 0.000000 0.000000 0.000000 1.000000
0.908407 0.065646 -0.412902 5.167773 -0.001912 0.988238 0.152911 91.724487 0.418084 -0.138116 0.897847 0.239428 0.000000 0.000000 0.000000 1.000000
0.913393 0.054480 -0.403418 4.121120 0.007918 0.988439 0.151414 91.685226 0.407003 -0.141495 0.902401 -0.398413 0.000000 0.000000 0.000000 1.000000
0.918802 0.044785 -0.392171 3.028157 0.013482 0.989402 0.144574 91.626022 0.394490 -0.138123 0.908460 -1.153732 0.000000 0.000000 0.000000 1.000000
0.925631 0.034701 -0.376834 1.896635 0.017752 0.990709 0.134834 91.588516 0.378011 -0.131496 0.916415 -2.034693 0.000000 0.000000 0.000000 1.000000
0.934174 0.022893 -0.356083 0.748230 0.023907 0.991681 0.126477 91.555077 0.356016 -0.126665 0.925856 -3.022538 0.000000 0.000000 0.000000 1.000000
0.942204 0.009385 -0.334907 -0.242953 0.033855 0.991824 0.123039 91.407471 0.333324 -0.127266 0.934183 -3.928626 0.000000 0.000000 0.000000 1.000000
0.946894 -0.004729 -0.321513 -1.082748 0.047654 0.990914 0.125773 91.185516 0.317997 -0.134415 0.938515 -4.664118 0.000000 0.000000 0.000000 1.000000
0.947466 -0.017913 -0.319354 -1.797569 0.063001 0.989323 0.131419 90.955353 0.313590 -0.144634 0.938479 -5.169819 0.000000 0.000000 0.000000 1.000000
0.945547 -0.029475 -0.324149 -2.477893 0.077271 0.987748 0.135586 90.939400 0.316181 -0.153251 0.936239 -5.543941 0.000000 0.000000 0.000000 1.000000
0.943999 -0.038696 -0.327671 -3.177175 0.088353 0.986478 0.138043 91.246368 0.317899 -0.159263 0.934653 -5.889847 0.000000 0.000000 0.000000 1.000000
0.944373 -0.044934 -0.325794 -3.845314 0.095665 0.985318 0.141406 91.674004 0.314656 -0.164707 0.934806 -6.269699 0.000000 0.000000 0.000000 1.000000
0.945989 -0.049480 -0.320399 -4.381266 0.100953 0.984107 0.146087 92.010300 0.308079 -0.170542 0.935950 -6.673797 0.000000 0.000000 0.000000 1.000000
0.948128 -0.053644 -0.313330 -4.828175 0.104795 0.983305 0.148760 92.339195 0.300119 -0.173879 0.937920 -7.067169 0.000000 0.000000 0.000000 1.000000
0.951473 -0.055798 -0.302633 -5.128124 0.104392 0.983635 0.146851 92.388908 0.289486 -0.171317 0.941726 -7.325078 0.000000 0.000000 0.000000 1.000000
0.955901 -0.056504 -0.288202 -5.310372 0.100959 0.984735 0.141792 92.149185 0.275790 -0.164636 0.947014 -7.553544 0.000000 0.000000 0.000000 1.000000
0.958976 -0.057182 -0.277662 -5.309591 0.098674 0.985528 0.137835 91.913979 0.265762 -0.159579 0.950739 -7.804147 0.000000 0.000000 0.000000 1.000000
0.958581 -0.058340 -0.278782 -5.088346 0.100134 0.985343 0.138105 91.829323 0.266639 -0.160300 0.950372 -7.784469 0.000000 0.000000 0.000000 1.000000
0.955706 -0.057875 -0.288578 -4.815033 0.101987 0.984850 0.140245 91.849884 0.276089 -0.163464 0.947129 -7.589317 0.000000 0.000000 0.000000 1.000000
0.953081 -0.055016 -0.297673 -4.521120 0.100630 0.985004 0.140145 91.875046 0.285499 -0.163525 0.944325 -7.379430 0.000000 0.000000 0.000000 1.000000
0.952175 -0.050307 -0.301382 -4.166989 0.095576 0.985894 0.137395 91.860413 0.290219 -0.159629 0.943553 -7.169120 0.000000 0.000000 0.000000 1.000000
0.952261 -0.043654 -0.302147 -3.751976 0.087910 0.987012 0.134460 91.820122 0.292353 -0.154603 0.943731 -6.937818 0.000000 0.000000 0.000000 1.000000
0.952190 -0.034709 -0.303527 -3.271941 0.078330 0.988050 0.132743 91.732635 0.295293 -0.150172 0.943531 -6.698280 0.000000 0.000000 0.000000 1.000000
0.952017 -0.024263 -0.305081 -2.727581 0.067375 0.989012 0.131592 91.594223 0.298536 -0.145833 0.943191 -6.435290 0.000000 0.000000 0.000000 1.000000
0.952463 -0.013677 -0.304347 -2.119862 0.055764 0.989941 0.130028 91.440971 0.299507 -0.140819 0.943645 -6.123816 0.000000 0.000000 0.000000 1.000000
0.953425 -0.003839 -0.301605 -1.420432 0.044623 0.990711 0.128451 91.293373 0.298310 -0.135927 0.944741 -5.745521 0.000000 0.000000 0.000000 1.000000
0.953741 0.004958 -0.300588 -0.635573 0.035402 0.991055 0.128673 91.176178 0.298537 -0.133362 0.945035 -5.299830 0.000000 0.000000 0.000000 1.000000
0.952149 0.012606 -0.305373 0.189751 0.028966 0.990930 0.131221 91.108994 0.304258 -0.133787 0.943148 -4.836773 0.000000 0.000000 0.000000 1.000000
0.948227 0.017955 -0.317085 1.053193 0.025991 0.990664 0.133824 91.157722 0.316528 -0.135137 0.938908 -4.368782 0.000000 0.000000 0.000000 1.000000
0.942726 0.021952 -0.332845 1.978126 0.024288 0.990666 0.134129 91.240112 0.332682 -0.134531 0.933394 -3.828659 0.000000 0.000000 0.000000 1.000000
0.936918 0.025723 -0.348600 2.933630 0.022137 0.990920 0.132616 91.317055 0.348846 -0.131967 0.927842 -3.236244 0.000000 0.000000 0.000000 1.000000
0.931634 0.029776 -0.362176 3.855600 0.019497 0.991106 0.131637 91.403038 0.362875 -0.129699 0.922768 -2.702236 0.000000 0.000000 0.000000 1.000000
0.927041 0.034546 -0.373366 4.686264 0.016031 0.991184 0.131516 91.506470 0.374618 -0.127906 0.918314 -2.269292 0.000000 0.000000 0.000000 1.000000
0.923444 0.039158 -0.381730 5.410851 0.011467 0.991520 0.129450 91.595673 0.383562 -0.123917 0.915164 -1.935738 0.000000 0.000000 0.000000 1.000000
0.921410 0.041479 -0.386373 6.033350 0.006991 0.992357 0.123204 91.604874 0.388530 -0.116223 0.914077 -1.721581 0.000000 0.000000 0.000000 1.000000
0.920991 0.041145 -0.387405 6.554543 0.003416 0.993516 0.113640 91.447014 0.389569 -0.105985 0.914879 -1.626920 0.000000 0.000000 0.000000 1.000000
0.921782 0.040353 -0.385603 6.994497 -0.000847 0.994776 0.102076 91.074554 0.387708 -0.093765 0.917001 -1.634338 0.000000 0.000000 0.000000 1.000000
0.923099 0.041073 -0.382363 7.367654 -0.007257 0.995963 0.089467 90.431534 0.384494 -0.079812 0.919671 -1.733433 0.000000 0.000000 0.000000 1.000000
0.923916 0.044087 -0.380048 7.663881 -0.015246 0.996792 0.078568 89.533783 0.382292 -0.066796 0.921624 -1.867947 0.000000 0.000000 0.000000 1.000000
0.923709 0.048819 -0.379972 7.861066 -0.023080 0.997137 0.072005 88.503105 0.382399 -0.057742 0.922191 -1.967646 0.000000 0.000000 0.000000 1.000000
0.923201 0.053637 -0.380556 7.959414 -0.029319 0.997157 0.069417 87.548904 0.383197 -0.052929 0.922149 -2.007812 0.000000 0.000000 0.000000 1.000000
0.923373 0.057152 -0.379625 8.012346 -0.033299 0.997053 0.069109 86.895950 0.382456 -0.051172 0.922555 -1.970563 0.000000 0.000000 0.000000 1.000000
0.924235 0.058921 -0.377250 8.037193 -0.034872 0.996918 0.070270 86.676331 0.380228 -0.051790 0.923442 -1.872324 0.000000 0.000000 0.000000 1.000000
0.925107 0.059217 -0.375062 8.029405 -0.034628 0.996806 0.071969 86.898796 0.378125 -0.053591 0.924202 -1.737460 0.000000 0.000000 0.000000 1.000000
0.925590 0.058509 -0.373979 7.997098 -0.033815 0.996812 0.072259 87.453949 0.377015 -0.054236 0.924618 -1.588380 0.000000 0.000000 0.000000 1.000000
0.925873 0.056912 -0.373524 7.939271 -0.033095 0.997007 0.069874 88.139740 0.376382 -0.052333 0.924985 -1.439920 0.000000 0.000000 0.000000 1.000000
0.926037 0.054639 -0.373456 7.892769 -0.032210 0.997297 0.066044 88.766960 0.376055 -0.049130 0.925294 -1.309416 0.000000 0.000000 0.000000 1.000000
0.925462 0.052911 -0.375127 7.852082 -0.031285 0.997491 0.063511 89.240982 0.377546 -0.047041 0.924795 -1.215673 0.000000 0.000000 0.000000 1.000000
0.923610 0.052616 -0.379705 7.801412 -0.030545 0.997487 0.063923 89.511642 0.382114 -0.047442 0.922896 -1.156911 0.000000 0.000000 0.000000 1.000000
0.920883 0.053625 -0.386134 7.750470 -0.030023 0.997308 0.066901 89.577820 0.388682 -0.050015 0.920013 -1.115666 0.000000 0.000000 0.000000 1.000000
0.917896 0.055871 -0.392867 7.697023 -0.030081 0.996987 0.071502 89.491524 0.395679 -0.053813 0.916811 -1.073901 0.000000 0.000000 0.000000 1.000000
0.914851 0.059001 -0.399459 7.637385 -0.030837 0.996587 0.076576 89.308929 0.402613 -0.057737 0.913547 -1.033683 0.000000 0.000000 0.000000 1.000000
0.912199 0.061501 -0.405105 7.598602 -0.031565 0.996281 0.080172 89.070290 0.408529 -0.060346 0.910748 -1.032067 0.000000 0.000000 0.000000 1.000000
0.910346 0.062915 -0.409038 7.599607 -0.032139 0.996139 0.081691 88.817879 0.412599 -0.061221 0.908853 -1.041860 0.000000 0.000000 0.000000 1.000000
0.908799 0.064675 -0.412192 7.580062 -0.033068 0.995970 0.083365 88.580750 0.415922 -0.062132 0.907275 -1.037501 0.000000 0.000000 0.000000 1.000000
0.907038 0.066920 -0.415698 7.551325 -0.033769 0.995670 0.086604 88.416168 0.419693 -0.064515 0.905370 -1.015575 0.000000 0.000000 0.000000 1.000000
0.905329 0.068388 -0.419169 7.565086 -0.033512 0.995376 0.090016 88.335556 0.423387 -0.067447 0.903435 -0.982709 0.000000 0.000000 0.000000 1.000000
0.904084 0.068743 -0.421790 7.585702 -0.032558 0.995189 0.092410 88.369232 0.426113 -0.069814 0.901972 -0.934366 0.000000 0.000000 0.000000 1.000000
0.903337 0.068603 -0.423410 7.600983 -0.031399 0.995055 0.094237 88.545074 0.427781 -0.071833 0.901024 -0.864257 0.000000 0.000000 0.000000 1.000000
0.902956 0.068427 -0.424250 7.628245 -0.030149 0.994896 0.096300 88.846237 0.428674 -0.074164 0.900410 -0.782818 0.000000 0.000000 0.000000 1.000000
0.902903 0.068370 -0.424372 7.651245 -0.028864 0.994685 0.098839 89.197365 0.428874 -0.076993 0.900077 -0.713057 0.000000 0.000000 0.000000 1.000000
0.903028 0.068802 -0.424037 7.657838 -0.027806 0.994383 0.102128 89.535690 0.428682 -0.080434 0.899868 -0.666712 0.000000 0.000000 0.000000 1.000000
0.903090 0.070194 -0.423675 7.661939 -0.027152 0.993910 0.106793 89.834572 0.428591 -0.084941 0.899497 -0.642678 0.000000 0.000000 0.000000 1.000000
0.903547 0.071020 -0.422561 7.657340 -0.026011 0.993441 0.111351 90.087975 0.427698 -0.089620 0.899468 -0.630451 0.000000 0.000000 0.000000 1.000000
0.905146 0.068406 -0.419561 7.620479 -0.022851 0.993370 0.112663 90.294380 0.424486 -0.092389 0.900709 -0.613276 0.000000 0.000000 0.000000 1.000000
0.907328 0.063198 -0.415647 7.574216 -0.018298 0.993637 0.111137 90.442093 0.420026 -0.093232 0.902711 -0.591951 0.000000 0.000000 0.000000 1.000000
0.908704 0.060034 -0.413101 7.545077 -0.015386 0.993749 0.110571 90.541016 0.417156 -0.094120 0.903948 -0.577209 0.000000 0.000000 0.000000 1.000000
0.909004 0.060819 -0.412325 7.512227 -0.015511 0.993547 0.112355 90.631538 0.416498 -0.095736 0.904082 -0.565055 0.000000 0.000000 0.000000 1.000000
0.908921 0.063142 -0.412160 7.462239 -0.016928 0.993241 0.114831 90.720947 0.416625 -0.097395 0.903846 -0.549845 0.000000 0.000000 0.000000 1.000000
0.908950 0.064495 -0.411887 7.403473 -0.017583 0.993013 0.116689 90.791504 0.416535 -0.098822 0.903733 -0.536761 0.000000 0.000000 0.000000 1.000000
0.909171 0.064766 -0.411355 7.336610 -0.017385 0.992873 0.117899 90.841881 0.416059 -0.100039 0.903818 -0.532527 0.000000 0.000000 0.000000 1.000000
0.909369 0.065176 -0.410854 7.266516 -0.017577 0.992788 0.118586 90.867378 0.415620 -0.100617 0.903956 -0.537028 0.000000 0.000000 0.000000 1.000000
0.909391 0.065879 -0.410691 7.198839 -0.018192 0.992732 0.118960 90.867584 0.415543 -0.100710 0.903981 -0.543332 0.000000 0.000000 0.000000 1.000000
0.909468 0.065752 -0.410543 7.137007 -0.018018 0.992722 0.119077 90.851578 0.415384 -0.100899 0.904033 -0.546258 0.000000 0.000000 0.000000 1.000000
0.909732 0.064731 -0.410118 7.066898 -0.016962 0.992742 0.119062 90.840179 0.414848 -0.101358 0.904227 -0.541695 0.000000 0.000000 0.000000 1.000000
0.910020 0.063523 -0.409668 6.976238 -0.015814 0.992791 0.118813 90.845306 0.414262 -0.101644 0.904464 -0.529471 0.000000 0.000000 0.000000 1.000000
0.910268 0.062148 -0.409328 6.875053 -0.014743 0.992908 0.117966 90.868744 0.413756 -0.101346 0.904729 -0.512747 0.000000 0.000000 0.000000 1.000000
0.910603 0.060639 -0.408809 6.783846 -0.013592 0.993036 0.117023 90.906326 0.413059 -0.101005 0.905086 -0.492344 0.000000 0.000000 0.000000 1.000000
0.910941 0.059765 -0.408185 6.701837 -0.012849 0.993081 0.116727 90.942505 0.412337 -0.101087 0.905406 -0.472718 0.000000 0.000000 0.000000 1.000000
0.911264 0.059826 -0.407455 6.618805 -0.013098 0.993102 0.116521 90.962311 0.411615 -0.100845 0.905761 -0.464777 0.000000 0.000000 0.000000 1.000000
0.911826 0.060136 -0.406150 6.539289 -0.014122 0.993224 0.115358 90.961578 0.410335 -0.099451 0.906496 -0.471514 0.000000 0.000000 0.000000 1.000000
0.912610 0.059994 -0.404406 6.472587 -0.015034 0.993430 0.113450 90.944496 0.408555 -0.097456 0.907516 -0.484603 0.000000 0.000000 0.000000 1.000000
0.913382 0.058997 -0.402807 6.418812 -0.014889 0.993623 0.111769 90.922607 0.406832 -0.096091 0.908435 -0.495458 0.000000 0.000000 0.000000 1.000000
0.913998 0.057676 -0.401598 6.365522 -0.014039 0.993747 0.110767 90.915833 0.405475 -0.095603 0.909093 -0.498503 0.000000 0.000000 0.000000 1.000000
0.914425 0.056876 -0.400739 6.303698 -0.013450 0.993801 0.110358 90.931351 0.404531 -0.095524 0.909522 -0.493508 0.000000 0.000000 0.000000 1.000000
0.914598 0.056754 -0.400362 6.251584 -0.013419 0.993816 0.110225 90.967079 0.404142 -0.095439 0.909703 -0.481361 0.000000 0.000000 0.000000 1.000000
0.914470 0.057174 -0.400595 6.223080 -0.013747 0.993786 0.110456 91.001297 0.404421 -0.095502 0.909573 -0.463881 0.000000 0.000000 0.000000 1.000000
0.914408 0.057500 -0.400689 6.199473 -0.013890 0.993734 0.110907 91.026237 0.404555 -0.095849 0.909477 -0.448044 0.000000 0.000000 0.000000 1.000000
0.914676 0.057268 -0.400111 6.167239 -0.013607 0.993714 0.111123 91.040855 0.403960 -0.096197 0.909705 -0.439738 0.000000 0.000000 0.000000 1.000000
0.914911 0.057353 -0.399560 6.126548 -0.013631 0.993680 0.111419 91.045830 0.403425 -0.096492 0.909911 -0.436721 0.000000 0.000000 0.000000 1.000000
0.914816 0.058208 -0.399654 6.085009 -0.014251 0.993596 0.112092 91.042961 0.403619 -0.096848 0.909787 -0.433386 0.000000 0.000000 0.000000 1.000000
0.914609 0.059314 -0.399966 6.049585 -0.014976 0.993473 0.113082 91.035385 0.404063 -0.097436 0.909527 -0.426996 0.000000 0.000000 0.000000 1.000000
0.914489 0.062100 -0.399817 5.996595 -0.016632 0.993086 0.116207 91.045944 0.404269 -0.099620 0.909199 -0.420567 0.000000 0.000000 0.000000 1.000000
0.914415 0.066824 -0.399223 5.923470 -0.019473 0.992399 0.121510 91.080872 0.404308 -0.103336 0.908766 -0.416890 0.000000 0.000000 0.000000 1.000000
0.914465 0.069130 -0.398716 5.886130 -0.020843 0.992038 0.124199 91.102081 0.404128 -0.105265 0.908625 -0.413813 0.000000 0.000000 0.000000 1.000000
0.914624 0.067988 -0.398547 5.893814 -0.020069 0.992179 0.123199 91.098763 0.403806 -0.104682 0.908836 -0.413866 0.000000 0.000000 0.000000 1.000000
0.914786 0.066324 -0.398457 5.907526 -0.018975 0.992395 0.121624 91.088135 0.403493 -0.103699 0.909087 -0.423296 0.000000 0.000000 0.000000 1.000000
0.914953 0.065145 -0.398267 5.914732 -0.018187 0.992538 0.120569 91.076553 0.403149 -0.103072 0.909311 -0.444707 0.000000 0.000000 0.000000 1.000000
0.915152 0.064040 -0.397990 5.920024 -0.017582 0.992702 0.119305 91.062912 0.402726 -0.102184 0.909599 -0.470039 0.000000 0.000000 0.000000 1.000000
0.915391 0.063154 -0.397581 5.925052 -0.017579 0.992947 0.117252 91.058403 0.402182 -0.100342 0.910045 -0.494796 0.000000 0.000000 0.000000 1.000000
0.915548 0.062719 -0.397289 5.928848 -0.018142 0.993201 0.114987 91.063499 0.401800 -0.098068 0.910461 -0.516713 0.000000 0.000000 0.000000 1.000000
0.915547 0.062561 -0.397317 5.940303 -0.018429 0.993317 0.113941 91.071426 0.401789 -0.096996 0.910581 -0.537087 0.000000 0.000000 0.000000 1.000000
0.915562 0.062323 -0.397319 5.961385 -0.018163 0.993320 0.113958 91.079514 0.401767 -0.097119 0.910577 -0.556549 0.000000 0.000000 0.000000 1.000000
0.915764 0.061736 -0.396945 5.987628 -0.017609 0.993340 0.113867 91.083725 0.401331 -0.097286 0.910752 -0.573331 0.000000 0.000000 0.000000 1.000000
0.916026 0.061041 -0.396448 6.014155 -0.017043 0.993384 0.113571 91.078957 0.400758 -0.097278 0.911005 -0.587234 0.000000 0.000000 0.000000 1.000000
0.916171 0.060299 -0.396225 6.038247 -0.016424 0.993435 0.113208 91.066765 0.400450 -0.097211 0.911147 -0.593106 0.000000 0.000000 0.000000 1.000000
0.916261 0.059452 -0.396144 6.060539 -0.015801 0.993520 0.112557 91.060608 0.400269 -0.096872 0.911263 -0.585189 0.000000 0.000000 0.000000 1.000000
0.916277 0.058874 -0.396195 6.083504 -0.015389 0.993583 0.112053 91.071609 0.400250 -0.096574 0.911303 -0.567629 0.000000 0.000000 0.000000 1.000000
0.915842 0.058797 -0.397211 6.106770 -0.014845 0.993503 0.112835 91.096687 0.401265 -0.097443 0.910764 -0.552680 0.000000 0.000000 0.000000 1.000000
0.914892 0.059189 -0.399336 6.130275 -0.014066 0.993266 0.114996 91.127472 0.403454 -0.099591 0.909564 -0.542984 0.000000 0.000000 0.000000 1.000000
0.913617 0.059792 -0.402154 6.154194 -0.013068 0.992935 0.117942 91.162735 0.406365 -0.102499 0.907944 -0.533914 0.000000 0.000000 0.000000 1.000000</float_array><technique_common><accessor source="#mixamorig_Hips-Matrix-animation-output-transform-array" count="185" stride="16"><param type="float4x4"/></accessor></technique_common></source><source id="mixamorig_Hips-Interpolations"><Name_array id="mixamorig_Hips-Interpolations-array" count="185">
 LINEAR LINEAR LINEAR LINEAR LINEAR LINEAR LINEAR LINEAR LINEAR LINEAR LINEAR
LINEAR LINEAR LINEAR LINEAR LINEAR LINEAR LINEAR LINEAR LINEAR LINEAR LINEAR LINEAR
LINEAR LINEAR LINEAR LINEAR LINEAR LINEAR LINEAR LINEAR LINEAR LINEAR LINEAR LINEAR
LINEAR LINEAR LINEAR LINEAR LINEAR LINEAR LINEAR LINEAR LINEAR LINEAR LINEAR LINEAR
LINEAR LINEAR LINEAR LINEAR LINEAR LINEAR LINEAR LINEAR LINEAR LINEAR LINEAR LINEAR
LINEAR LINEAR LINEAR LINEAR LINEAR LINEAR LINEAR LINEAR LINEAR LINEAR LINEAR LINEAR
LINEAR LINEAR LINEAR LINEAR LINEAR LINEAR LINEAR LINEAR LINEAR LINEAR LINEAR LINEAR
LINEAR LINEAR LINEAR LINEAR LINEAR LINEAR LINEAR LINEAR LINEAR LINEAR LINEAR LINEAR
LINEAR LINEAR LINEAR LINEAR LINEAR LINEAR LINEAR LINEAR LINEAR LINEAR LINEAR LINEAR
LINEAR LINEAR LINEAR LINEAR LINEAR LINEAR LINEAR LINEAR LINEAR LINEAR LINEAR LINEAR
LINEAR LINEAR LINEAR LINEAR LINEAR LINEAR LINEAR LINEAR LINEAR LINEAR LINEAR LINEAR
LINEAR LINEAR LINEAR LINEAR LINEAR LINEAR LINEAR LINEAR LINEAR LINEAR LINEAR LINEAR
LINEAR LINEAR LINEAR LINEAR LINEAR LINEAR LINEAR LINEAR LINEAR LINEAR LINEAR LINEAR
LINEAR LINEAR LINEAR LINEAR LINEAR LINEAR LINEAR LINEAR LINEAR LINEAR LINEAR LINEAR
LINEAR LINEAR LINEAR LINEAR LINEAR LINEAR LINEAR LINEAR LINEAR LINEAR LINEAR LINEAR
LINEAR LINEAR LINEAR LINEAR LINEAR LINEAR</Name_array><technique_common><accessor source="#mixamorig_Hips-Interpolations-array" count="185"><param type="name"/></accessor></technique_common></source><sampler id="mixamorig_Hips-Matrix-animation-transform"><input semantic="INPUT" source="#mixamorig_Hips-Matrix-animation-input"/><input semantic="OUTPUT" source="#mixamorig_Hips-Matrix-animation-output-transform"/><input semantic="INTERPOLATION" source="#mixamorig_Hips-Interpolations"/></sampler><channel source="#mixamorig_Hips-Matrix-animation-transform" target="mixamorig_Hips/matrix"/></animation>
    <animation id="mixamorig_Spine-anim" name="mixamorig_Spine"><source id="mixamorig_Spine-Matrix-animation-input"><float_array id="mixamorig_Spine-Matrix-animation-input-array" count="185">

0.000000 0.033333 0.066667 0.100000 0.133333 0.166667 0.200000 0.233333 0.266667 0.300000 0.333333 0.366667 0.400000 0.433333 0.466667 0.500000
0.533333 0.566667 0.600000 0.633333 0.666667 0.700000 0.733333 0.766667 0.800000 0.833333 0.866667 0.900000 0.933333 0.966667 1.000000 1.033333
1.066667 1.100000 1.133333 1.166667 1.200000 1.233333 1.266667 1.300000 1.333333 1.366667 1.400000 1.433333 1.466667 1.500000 1.533333 1.566667
1.600000 1.633333 1.666667 1.700000 1.733333 1.766667 1.800000 1.833333 1.866667 1.900000 1.933333 1.966667 2.000000 2.033333 2.066667 2.100000
2.133333 2.166667 2.200000 2.233333 2.266667 2.300000 2.333333 2.366667 2.400000 2.433333 2.466667 2.500000 2.533333 2.566667 2.600000 2.633333
2.666667 2.700000 2.733333 2.766667 2.800000 2.833333 2.866667 2.900000 2.933333 2.966667 3.000000 3.033333 3.066667 3.100000 3.133333 3.166667
3.200000 3.233333 3.266667 3.300000 3.333333 3.366667 3.400000 3.433333 3.466667 3.500000 3.533333 3.566667 3.600000 3.633333 3.666667 3.700000
3.733333 3.766667 3.800000 3.833333 3.866667 3.900000 3.933333 3.966667 4.000000 4.033333 4.066667 4.100000 4.133333 4.166667 4.200000 4.233333
4.266667 4.300000 4.333333 4.366667 4.400000 4.433333 4.466667 4.500000 4.533333 4.566667 4.600000 4.633333 4.666667 4.700000 4.733333 4.766667
4.800000 4.833333 4.866667 4.900000 4.933333 4.966667 5.000000 5.033333 5.066667 5.100000 5.133333 5.166667 5.200000 5.233333 5.266667 5.300000
5.333333 5.366667 5.400000 5.433333 5.466667 5.500000 5.533333 5.566667 5.600000 5.633333 5.666667 5.700000 5.733333 5.766667 5.800000 5.833333
5.866667 5.900000 5.933333 5.966667 6.000000 6.033333 6.066667 6.100000 6.133333</float_array><technique_common><accessor source="#mixamorig_Spine-Matrix-animation-input-array" count="185"><param name="TIME" type="float"/></accessor></technique_common></source><source id="mixamorig_Spine-Matrix-animation-output-transform"><float_array id="mixamorig_Spine-Matrix-animation-output-transform-array" count="2960">

0.998552 -0.047308 0.025618 0.000000 0.048976 0.996417 -0.068953 10.729900 -0.022264 0.070108 0.997291 -1.090300 0.000000 0.000000 0.000000 1.000000
0.998508 -0.046685 0.028312 0.000000 0.048597 0.996286 -0.071085 10.729900 -0.024889 0.072355 0.997068 -1.090300 0.000000 0.000000 0.000000 1.000000
0.998490 -0.045659 0.030550 -0.000000 0.047753 0.996280 -0.071734 10.729900 -0.027161 0.073084 0.996956 -1.090300 0.000000 0.000000 0.000000 1.000000
0.998542 -0.043648 0.031767 0.000000 0.045783 0.996501 -0.069921 10.729900 -0.028604 0.071273 0.997047 -1.090300 0.000000 0.000000 0.000000 1.000000
0.998652 -0.040911 0.031942 0.000000 0.042954 0.996886 -0.066133 10.729900 -0.029137 0.067416 0.997299 -1.090300 0.000000 0.000000 0.000000 1.000000
0.998745 -0.038659 0.031844 0.000000 0.040600 0.997203 -0.062753 10.729900 -0.029329 0.063967 0.997521 -1.090300 0.000000 0.000000 0.000000 1.000000
0.998775 -0.037635 0.032135 -0.000000 0.039562 0.997316 -0.061606 10.729900 -0.029730 0.062802 0.997583 -1.090300 0.000000 0.000000 0.000000 1.000000
0.998753 -0.037756 0.032651 0.000000 0.039723 0.997294 -0.061862 10.729900 -0.030227 0.063081 0.997551 -1.090300 0.000000 0.000000 0.000000 1.000000
0.998771 -0.037254 0.032699 0.000000 0.039207 0.997352 -0.061246 10.729900 -0.030330 0.062452 0.997587 -1.090300 0.000000 0.000000 0.000000 1.000000
0.998798 -0.036546 0.032654 -0.000000 0.038469 0.997436 -0.060338 10.729900 -0.030365 0.061521 0.997644 -1.090300 0.000000 0.000000 0.000000 1.000000
0.998788 -0.036573 0.032942 0.000000 0.038519 0.997424 -0.060506 10.729900 -0.030644 0.061702 0.997624 -1.090300 0.000000 0.000000 0.000000 1.000000
0.998749 -0.037186 0.033437 0.000000 0.039201 0.997319 -0.061795 10.729900 -0.031050 0.063029 0.997529 -1.090300 0.000000 0.000000 0.000000 1.000000
0.998705 -0.038045 0.033780 0.000000 0.040118 0.997210 -0.062954 10.729900 -0.031290 0.064228 0.997445 -1.090300 0.000000 0.000000 0.000000 1.000000
0.998687 -0.038618 0.033671 0.000000 0.040676 0.997199 -0.062763 10.729900 -0.031153 0.064051 0.997460 -1.090300 0.000000 0.000000 0.000000 1.000000
0.998739 -0.037538 0.033348 0.000000 0.039590 0.997217 -0.063173 10.729900 -0.030883 0.064413 0.997445 -1.090300 0.000000 0.000000 0.000000 1.000000
0.998856 -0.034539 0.033060 0.000000 0.036680 0.997112 -0.066496 10.729900 -0.030668 0.067633 0.997239 -1.090300 0.000000 0.000000 0.000000 1.000000
0.998957 -0.032269 0.032319 0.000000 0.034457 0.996979 -0.069608 10.729900 -0.029975 0.070649 0.997051 -1.090300 0.000000 0.000000 0.000000 1.000000
0.998983 -0.032017 0.031752 0.000000 0.034140 0.997049 -0.068754 10.729900 -0.029457 0.069768 0.997128 -1.090300 0.000000 0.000000 0.000000 1.000000
0.998964 -0.032654 0.031703 0.000000 0.034695 0.997209 -0.066109 10.729900 -0.029455 0.067141 0.997309 -1.090300 0.000000 0.000000 0.000000 1.000000
0.998917 -0.034056 0.031689 0.000000 0.036078 0.997196 -0.065567 10.729900 -0.029367 0.066639 0.997345 -1.090300 0.000000 0.000000 0.000000 1.000000
0.998871 -0.035433 0.031635 -0.000000 0.037478 0.997076 -0.066593 10.729900 -0.029183 0.067703 0.997279 -1.090300 0.000000 0.000000 0.000000 1.000000
0.998869 -0.035635 0.031490 0.000000 0.037694 0.997013 -0.067413 10.729900 -0.028994 0.068524 0.997228 -1.090300 0.000000 0.000000 0.000000 1.000000
0.998882 -0.035542 0.031157 0.000000 0.037573 0.997029 -0.067239 10.729900 -0.028675 0.068334 0.997250 -1.090300 0.000000 0.000000 0.000000 1.000000
0.998884 -0.035932 0.030665 0.000000 0.037911 0.997059 -0.066597 10.729900 -0.028182 0.067685 0.997309 -1.090300 0.000000 0.000000 0.000000 1.000000
0.998869 -0.036740 0.030179 0.000000 0.038676 0.997051 -0.066288 10.729900 -0.027655 0.067381 0.997344 -1.090300 0.000000 0.000000 0.000000 1.000000
0.998833 -0.037771 0.030108 0.000000 0.039700 0.997010 -0.066292 10.729900 -0.027514 0.067410 0.997346 -1.090300 0.000000 0.000000 0.000000 1.000000
0.998810 -0.038378 0.030109 0.000000 0.040295 0.997013 -0.065885 10.729900 -0.027491 0.067019 0.997373 -1.090300 0.000000 0.000000 0.000000 1.000000
0.998803 -0.038646 0.029982 -0.000000 0.040528 0.997066 -0.064934 10.729900 -0.027385 0.066071 0.997439 -1.090300 0.000000 0.000000 0.000000 1.000000
0.998765 -0.039568 0.030043 0.000000 0.041430 0.997083 -0.064096 10.729900 -0.027420 0.065262 0.997491 -1.090300 0.000000 0.000000 0.000000 1.000000
0.998714 -0.040831 0.030057 0.000000 0.042679 0.997058 -0.063673 10.729900 -0.027368 0.064874 0.997518 -1.090300 0.000000 0.000000 0.000000 1.000000
0.998688 -0.041438 0.030084 -0.000000 0.043278 0.997054 -0.063328 10.729900 -0.027371 0.064547 0.997539 -1.090300 0.000000 0.000000 0.000000 1.000000
0.998679 -0.041523 0.030260 0.000000 0.043363 0.997076 -0.062923 10.729900 -0.027559 0.064152 0.997560 -1.090300 0.000000 0.000000 0.000000 1.000000
0.998691 -0.041392 0.030034 0.000000 0.043208 0.997104 -0.062583 10.729900 -0.027357 0.063799 0.997588 -1.090300 0.000000 0.000000 0.000000 1.000000
0.998728 -0.040990 0.029364 0.000000 0.042774 0.997101 -0.062931 10.729900 -0.026699 0.064106 0.997586 -1.090300 0.000000 0.000000 0.000000 1.000000
0.998761 -0.040567 0.028808 0.000000 0.042351 0.997032 -0.064293 10.729900 -0.026114 0.065433 0.997515 -1.090300 0.000000 0.000000 0.000000 1.000000
0.998809 -0.039792 0.028228 0.000000 0.041575 0.996975 -0.065673 10.729900 -0.025529 0.066768 0.997442 -1.090300 0.000000 0.000000 0.000000 1.000000
