<?xml version="1.0" encoding="utf-8"?>
<COLLADA xmlns="http://www.collada.org/2005/11/COLLADASchema" version="1.4.1">
  <asset><contributor><author>Mixamo</author><authoring_tool>COLLADA Mixamo exporter</authoring_tool><comments></comments></contributor><created>2020-06-17T07:02:07Z</created><modified>2020-06-17T07:02:07Z</modified><revision></revision><title></title><unit meter="0.010000"/><up_axis>Y_UP</up_axis></asset>
  <library_animations>
    <animation id="mixamorig_Hips-anim" name="mixamorig_Hips"><source id="mixamorig_Hips-Matrix-animation-input"><float_array id="mixamorig_Hips-Matrix-animation-input-array" count="31">

0.000000 0.033333 0.066667 0.100000 0.133333 0.166667 0.200000 0.233333 0.266667 0.300000 0.333333 0.366667 0.400000 0.433333 0.466667 0.500000
0.533333 0.566667 0.600000 0.633333 0.666667 0.700000 0.733333 0.766667 0.800000 0.833333 0.866667 0.900000 0.933333 0.966667 1.000000</float_array><technique_common><accessor source="#mixamorig_Hips-Matrix-animation-input-array" count="31"><param name="TIME" type="float"/></accessor></technique_common></source><source id="mixamorig_Hips-Matrix-animation-output-transform"><float_array id="mixamorig_Hips-Matrix-animation-output-transform-array" count="496">

0.944024 0.000102 -0.329876 -0.172559 -0.053704 0.986706 -0.153384 92.591454 0.325475 0.162514 0.931480 0.982120 0.000000 0.000000 0.000000 1.000000
0.940347 -0.007122 -0.340142 -0.003323 -0.054452 0.983741 -0.171136 92.901611 0.335830 0.179449 0.924671 0.222630 0.000000 0.000000 0.000000 1.000000
0.933907 -0.019325 -0.356992 0.106589 -0.050596 0.981344 -0.185484 92.882500 0.353917 0.191287 0.915507 -0.477747 0.000000 0.000000 0.000000 1.000000
0.922357 -0.033964 -0.384843 0.189622 -0.044178 0.980322 -0.192399 92.562233 0.383804 0.194463 0.902706 -1.067352 0.000000 0.000000 0.000000 1.000000
0.901922 -0.025509 -0.431145 0.412230 -0.062291 0.980135 -0.188298 91.873146 0.427384 0.196686 0.882416 -1.196926 0.000000 0.000000 0.000000 1.000000
0.867374 0.004680 -0.497634 0.801435 -0.103748 0.979685 -0.171620 91.062973 0.486722 0.200487 0.850239 -0.719777 0.000000 0.000000 0.000000 1.000000
0.856415 0.011884 -0.516152 1.155057 -0.107093 0.982080 -0.155081 90.517113 0.505059 0.188090 0.842340 0.053869 0.000000 0.000000 0.000000 1.000000
0.860487 -0.001820 -0.509470 1.497729 -0.079533 0.987254 -0.137857 90.105431 0.503227 0.159143 0.849374 0.978142 0.000000 0.000000 0.000000 1.000000
0.868220 -0.026628 -0.495464 1.860635 -0.037317 0.992226 -0.118719 89.472908 0.494773 0.121564 0.860478 1.865446 0.000000 0.000000 0.000000 1.000000
0.874304 -0.038102 -0.483881 2.295365 -0.012832 0.994751 -0.101514 88.658340 0.485210 0.094963 0.869226 2.413648 0.000000 0.000000 0.000000 1.000000
0.884920 -0.043890 -0.463671 2.672325 0.001736 0.995854 -0.090951 88.237579 0.465740 0.079679 0.881327 2.404890 0.000000 0.000000 0.000000 1.000000
0.899882 -0.043886 -0.433920 2.959230 0.006978 0.996246 -0.086287 88.520599 0.436078 0.074620 0.896810 2.062725 0.000000 0.000000 0.000000 1.000000
0.911521 -0.039160 -0.409385 3.218849 0.003943 0.996243 -0.086516 89.233513 0.411234 0.077246 0.908251 1.596473 0.000000 0.000000 0.000000 1.000000
0.913439 -0.036955 -0.405295 3.476606 0.000270 0.995924 -0.090198 90.263184 0.406976 0.082281 0.909726 1.312271 0.000000 0.000000 0.000000 1.000000
0.909388 -0.038567 -0.414158 3.659329 -0.001821 0.995313 -0.096685 91.247406 0.415945 0.088679 0.905056 1.202079 0.000000 0.000000 0.000000 1.000000
0.908369 -0.041844 -0.416070 3.655773 -0.002466 0.994428 -0.105393 91.849960 0.418161 0.096762 0.903204 1.121839 0.000000 0.000000 0.000000 1.000000
0.915554 -0.046166 -0.399537 3.428917 0.000047 0.993403 -0.114680 91.947227 0.402196 0.104977 0.909516 0.973897 0.000000 0.000000 0.000000 1.000000
0.930025 -0.046909 -0.364489 3.085848 0.001973 0.992443 -0.122692 91.659607 0.367490 0.113387 0.923090 0.839748 0.000000 0.000000 0.000000 1.000000
0.945631 -0.048371 -0.321624 2.722249 0.007140 0.991728 -0.128158 91.113289 0.325163 0.118894 0.938154 0.893601 0.000000 0.000000 0.000000 1.000000
0.965475 -0.080721 -0.247675 2.250862 0.049380 0.990251 -0.130247 90.326408 0.255774 0.113520 0.960048 1.233379 0.000000 0.000000 0.000000 1.000000
0.980982 -0.122953 -0.150191 1.818135 0.104716 0.986761 -0.123848 89.397682 0.163430 0.105765 0.980869 1.826121 0.000000 0.000000 0.000000 1.000000
0.984821 -0.143202 -0.098082 1.539925 0.131672 0.984556 -0.115377 88.539848 0.113090 0.100711 0.988468 2.489552 0.000000 0.000000 0.000000 1.000000
0.985052 -0.118246 -0.125263 1.462031 0.104629 0.988383 -0.110231 87.596085 0.136842 0.095478 0.985981 3.151280 0.000000 0.000000 0.000000 1.000000
0.984103 -0.042690 -0.172390 1.626505 0.025061 0.994348 -0.103174 86.467766 0.175820 0.097214 0.979610 3.665029 0.000000 0.000000 0.000000 1.000000
0.978935 0.004667 -0.204121 1.526781 -0.024482 0.995209 -0.094655 85.629181 0.202701 0.097658 0.974359 3.727946 0.000000 0.000000 0.000000 1.000000
0.972239 0.025476 -0.232600 1.181865 -0.047640 0.994786 -0.090173 85.558960 0.229090 0.098751 0.968383 3.460296 0.000000 0.000000 0.000000 1.000000
0.963767 0.035967 -0.264311 0.763028 -0.062333 0.993801 -0.092053 86.398643 0.259362 0.105192 0.960034 3.028947 0.000000 0.000000 0.000000 1.000000
0.956997 0.035104 -0.287967 0.352528 -0.066477 0.992774 -0.099899 87.917603 0.282379 0.114746 0.952416 2.554563 0.000000 0.000000 0.000000 1.000000
0.952651 0.025265 -0.303013 0.030526 -0.062273 0.991630 -0.113099 89.634445 0.297620 0.126613 0.946251 2.033038 0.000000 0.000000 0.000000 1.000000
0.949079 0.011991 -0.314811 -0.143056 -0.056090 0.989742 -0.131399 91.250504 0.310006 0.142366 0.940015 1.500523 0.000000 0.000000 0.000000 1.000000
0.944024 0.000102 -0.329876 -0.172555 -0.053704 0.986706 -0.153384 92.591461 0.325475 0.162514 0.931480 0.982121 0.000000 0.000000 0.000000 1.000000</float_array><technique_common><accessor source="#mixamorig_Hips-Matrix-animation-output-transform-array" count="31" stride="16"><param type="float4x4"/></accessor></technique_common></source><source id="mixamorig_Hips-Interpolations"><Name_array id="mixamorig_Hips-Interpolations-array" count="31">
 LINEAR LINEAR LINEAR LINEAR LINEAR LINEAR LINEAR LINEAR LINEAR LINEAR LINEAR
LINEAR LINEAR LINEAR LINEAR LINEAR LINEAR LINEAR LINEAR LINEAR LINEAR LINEAR LINEAR
LINEAR LINEAR LINEAR LINEAR LINEAR LINEAR LINEAR LINEAR</Name_array><technique_common><accessor source="#mixamorig_Hips-Interpolations-array" count="31"><param type="name"/></accessor></technique_common></source><sampler id="mixamorig_Hips-Matrix-animation-transform"><input semantic="INPUT" source="#mixamorig_Hips-Matrix-animation-input"/><input semantic="OUTPUT" source="#mixamorig_Hips-Matrix-animation-output-transform"/><input semantic="INTERPOLATION" source="#mixamorig_Hips-Interpolations"/></sampler><channel source="#mixamorig_Hips-Matrix-animation-transform" target="mixamorig_Hips/matrix"/></animation>
    <animation id="mixamorig_Spine-anim" name="mixamorig_Spine"><source id="mixamorig_Spine-Matrix-animation-input"><float_array id="mixamorig_Spine-Matrix-animation-input-array" count="31">

0.000000 0.033333 0.066667 0.100000 0.133333 0.166667 0.200000 0.233333 0.266667 0.300000 0.333333 0.366667 0.400000 0.433333 0.466667 0.500000
0.533333 0.566667 0.600000 0.633333 0.666667 0.700000 0.733333 0.766667 0.800000 0.833333 0.866667 0.900000 0.933333 0.966667 1.000000</float_array><technique_common><accessor source="#mixamorig_Spine-Matrix-animation-input-array" count="31"><param name="TIME" type="float"/></accessor></technique_common></source><source id="mixamorig_Spine-Matrix-animation-output-transform"><float_array id="mixamorig_Spine-Matrix-animation-output-transform-array" count="496">

0.998906 -0.037249 0.028270 0.000000 0.035718 0.997964 0.052835 10.729900 -0.030181 -0.051768 0.998203 -1.090300 0.000000 0.000000 0.000000 1.000000
0.998641 -0.037191 0.036513 0.000000 0.034968 0.997601 0.059752 10.729900 -0.038648 -0.058394 0.997545 -1.090300 0.000000 0.000000 0.000000 1.000000
0.998343 -0.028601 0.049939 0.000000 0.025266 0.997488 0.066180 10.729900 -0.051707 -0.064808 0.996557 -1.090300 0.000000 0.000000 0.000000 1.000000
0.997492 -0.012856 0.069603 0.000000 0.007917 0.997461 0.070777 10.729900 -0.070336 -0.070048 0.995061 -1.090300 0.000000 0.000000 0.000000 1.000000
0.994451 -0.024599 0.102284 0.000000 0.016840 0.996962 0.076041 10.729900 -0.103844 -0.073897 0.991845 -1.090300 0.000000 0.000000 0.000000 1.000000
0.985917 -0.065829 0.153735 0.000000 0.053307 0.995022 0.084200 10.729900 -0.158513 -0.074819 0.984518 -1.090300 0.000000 0.000000 0.000000 1.000000
0.985027 -0.075448 0.155017 -0.000000 0.061963 0.994007 0.090060 10.729900 -0.160883 -0.079106 0.983798 -1.090300 0.000000 0.000000 0.000000 1.000000
0.989833 -0.054587 0.131340 0.000000 0.042813 0.994944 0.090853 10.729900 -0.135635 -0.084306 0.987165 -1.090300 0.000000 0.000000 0.000000 1.000000
0.994453 -0.016584 0.103864 -0.000000 0.007450 0.996118 0.087714 10.729900 -0.104915 -0.086453 0.990716 -1.090300 0.000000 0.000000 0.000000 1.000000
0.996410 0.002535 0.084624 0.000000 -0.009648 0.996440 0.083754 10.729900 -0.084110 -0.084270 0.992887 -1.090300 0.000000 0.000000 0.000000 1.000000
0.997616 0.011279 0.068082 -0.000000 -0.016462 0.996968 0.076050 10.729900 -0.067018 -0.076989 0.994777 -1.090300 0.000000 0.000000 0.000000 1.000000
0.998696 0.008431 0.050357 0.000000 -0.011773 0.997722 0.066432 10.729900 -0.049683 -0.066938 0.996519 -1.090300 0.000000 0.000000 0.000000 1.000000
0.999248 -0.004408 0.038524 -0.000000 0.002181 0.998333 0.057668 10.729900 -0.038714 -0.057541 0.997592 -1.090300 0.000000 0.000000 0.000000 1.000000
0.999114 -0.016517 0.038713 0.000000 0.014440 0.998472 0.053333 10.729900 -0.039535 -0.052726 0.997826 -1.090300 0.000000 0.000000 0.000000 1.000000
0.998775 -0.023263 0.043665 -0.000000 0.020912 0.998347 0.053533 10.729900 -0.044838 -0.052554 0.997611 -1.090300 0.000000 0.000000 0.000000 1.000000
0.998880 -0.022927 0.041385 0.000000 0.020582 0.998206 0.056231 10.729900 -0.042600 -0.055316 0.997560 -1.090300 0.000000 0.000000 0.000000 1.000000
0.999512 -0.015066 0.027354 -0.000000 0.013436 0.998179 0.058811 10.729900 -0.028190 -0.058414 0.997894 -1.090300 0.000000 0.000000 0.000000 1.000000
0.999973 -0.006712 0.002997 -0.000000 0.006517 0.998131 0.060764 10.729900 -0.003399 -0.060743 0.998148 -1.090300 0.000000 0.000000 0.000000 1.000000
0.999677 0.002874 -0.025237 -0.000000 -0.001279 0.998011 0.063021 10.729900 0.025368 -0.062969 0.997693 -1.090300 0.000000 0.000000 0.000000 1.000000
0.995598 0.048532 -0.080178 -0.000000 -0.043053 0.996707 0.068707 10.729900 0.083248 -0.064953 0.994410 -1.090300 0.000000 0.000000 0.000000 1.000000
0.982902 0.100725 -0.154133 -0.000000 -0.089509 0.992921 0.078077 10.729900 0.160907 -0.062945 0.984960 -1.090300 0.000000 0.000000 0.000000 1.000000
0.976284 0.118616 -0.181108 0.000000 -0.104700 0.990900 0.084588 10.729900 0.189494 -0.063620 0.979819 -1.090300 0.000000 0.000000 0.000000 1.000000
0.987751 0.077180 -0.135615 -0.000000 -0.066574 0.994482 0.081073 10.729900 0.141124 -0.071052 0.987439 -1.090300 0.000000 0.000000 0.000000 1.000000
0.996544 -0.021832 -0.080150 -0.000000 0.027577 0.997075 0.071287 10.729900 0.078359 -0.073251 0.994230 -1.090300 0.000000 0.000000 0.000000 1.000000
0.995890 -0.075395 -0.050186 0.000000 0.078507 0.994906 0.063233 10.729900 0.045163 -0.066913 0.996736 -1.090300 0.000000 0.000000 0.000000 1.000000
0.995492 -0.089732 -0.030712 0.000000 0.091367 0.994198 0.056768 10.729900 0.025440 -0.059318 0.997915 -1.090300 0.000000 0.000000 0.000000 1.000000
0.995951 -0.089298 -0.010403 -0.000000 0.089722 0.994596 0.052241 10.729900 0.005682 -0.052963 0.998580 -1.090300 0.000000 0.000000 0.000000 1.000000
0.997009 -0.077142 0.004711 0.000000 0.076815 0.995810 0.049615 10.729900 -0.008518 -0.049104 0.998757 -1.090300 0.000000 0.000000 0.000000 1.000000
0.998166 -0.058897 0.013969 -0.000000 0.058159 0.997134 0.048391 10.729900 -0.016779 -0.047490 0.998731 -1.090300 0.000000 0.000000 0.000000 1.000000
0.998834 -0.043896 0.020112 0.000000 0.042861 0.997864 0.049302 10.729900 -0.022233 -0.048383 0.998581 -1.090300 0.000000 0.000000 0.000000 1.000000
0.998906 -0.037249 0.028270 0.000000 0.035718 0.997964 0.052835 10.729900 -0.030181 -0.051768 0.998203 -1.090300 0.000000 0.000000 0.000000 1.000000</float_array><technique_common><accessor source="#mixamorig_Spine-Matrix-animation-output-transform-array" count="31" stride="16"><param type="float4x4"/></accessor></technique_common></source><source id="mixamorig_Spine-Interpolations"><Name_array id="mixamorig_Spine-Interpolations-array" count="31">
 LINEAR LINEAR LINEAR LINEAR LINEAR LINEAR LINEAR LINEAR LINEAR LINEAR LINEAR
LINEAR LINEAR LINEAR LINEAR LINEAR LINEAR LINEAR LINEAR LINEAR LINEAR LINEAR LINEAR
LINEAR LINEAR LINEAR LINEAR LINEAR LINEAR LINEAR LINEAR</Name_array><technique_common><accessor source="#mixamorig_Spine-Interpolations-array" count="31"><param type="name"/></accessor></technique_common></source><sampler id="mixamorig_Spine-Matrix-animation-transform"><input semantic="INPUT" source="#mixamorig_Spine-Matrix-animation-input"/><input semantic="OUTPUT" source="#mixamorig_Spine-Matrix-animation-output-transform"/><input semantic="INTERPOLATION" source="#mixamorig_Spine-Interpolations"/></sampler><channel source="#mixamorig_Spine-Matrix-animation-transform" target="mixamorig_Spine/matrix"/></animation>
    <animation id="mixamorig_Spine1-anim" name="mixamorig_Spine1"><source id="mixamorig_Spine1-Matrix-animation-input"><float_array id="mixamorig_Spine1-Matrix-animation-input-array" count="31">

0.000000 0.033333 0.066667 0.100000 0.133333 0.166667 0.200000 0.233333 0.266667 0.300000 0.333333 0.366667 0.400000 0.433333 0.466667 0.500000
0.533333 0.566667 0.600000 0.633333 0.666667 0.700000 0.733333 0.766667 0.800000 0.833333 0.866667 0.900000 0.933333 0.966667 1.000000</float_array><technique_common><accessor source="#mixamorig_Spine1-Matrix-animation-input-array" count="31"><param name="TIME" type="float"/></accessor></technique_common></source><source id="mixamorig_Spine1-Matrix-animation-output-transform"><float_array id="mixamorig_Spine1-Matrix-animation-output-transform-array" count="496">

0.996977 -0.004563 -0.077565 -0.000000 0.000911 0.998892 -0.047058 12.582700 0.077693 0.046845 0.995876 0.000000 0.000000 0.000000 0.000000 1.000000
0.997343 -0.003119 -0.072776 0.000000 0.000118 0.999151 -0.041197 12.582700 0.072842 0.041079 0.996497 0.000000 0.000000 0.000000 0.000000 1.000000
0.997833 -0.001378 -0.065780 0.000000 -0.000978 0.999359 -0.035778 12.582700 0.065787 0.035765 0.997193 0.000000 0.000000 0.000000 0.000000 1.000000
0.998448 0.001198 -0.055674 0.000000 -0.002967 0.999493 -0.031708 12.582700 0.055608 0.031824 0.997945 0.000000 0.000000 0.000000 0.000000 1.000000
0.999037 0.001893 -0.043833 0.000000 -0.003119 0.999605 -0.027924 12.582700 0.043763 0.028034 0.998649 0.000000 0.000000 0.000000 0.000000 1.000000
0.999464 0.001120 -0.032715 0.000000 -0.001902 0.999713 -0.023883 12.582700 0.032678 0.023932 0.999179 0.000000 0.000000 0.000000 0.000000 1.000000
0.999678 0.003392 -0.025156 -0.000000 -0.003904 0.999786 -0.020323 12.582700 0.025081 0.020415 0.999477 0.000000 0.000000 0.000000 0.000000 1.000000
0.999721 0.007840 -0.022283 0.000000 -0.008239 0.999806 -0.017865 12.582700 0.022139 0.018044 0.999592 -0.000000 0.000000 0.000000 0.000000 1.000000
0.999594 0.013055 -0.025319 0.000000 -0.013496 0.999759 -0.017337 12.582700 0.025086 0.017672 0.999529 0.000000 0.000000 0.000000 0.000000 1.000000
0.999298 0.017255 -0.033248 -0.000000 -0.017920 0.999643 -0.019821 12.582700 0.032894 0.020403 0.999251 0.000000 0.000000 0.000000 0.000000 1.000000
0.998725 0.022185 -0.045346 -0.000000 -0.023401 0.999376 -0.026452 12.582700 0.044731 0.027480 0.998621 -0.000000 0.000000 0.000000 0.000000 1.000000
0.998045 0.025136 -0.057229 0.000000 -0.027155 0.999026 -0.034781 12.582700 0.056299 0.036267 0.997755 -0.000000 0.000000 0.000000 0.000000 1.000000
0.997657 0.023516 -0.064249 -0.000000 -0.026271 0.998756 -0.042372 12.582700 0.063172 0.043961 0.997034 0.000000 0.000000 0.000000 0.000000 1.000000
0.997723 0.017876 -0.065026 0.000000 -0.020912 0.998708 -0.046318 12.582700 0.064114 0.047573 0.996808 0.000000 0.000000 0.000000 0.000000 1.000000
0.997900 0.011016 -0.063828 -0.000000 -0.014008 0.998814 -0.046626 12.582700 0.063239 0.047422 0.996871 -0.000000 0.000000 0.000000 0.000000 1.000000
0.997710 0.005432 -0.067413 0.000000 -0.008464 0.998962 -0.044762 12.582700 0.067100 0.045230 0.996721 0.000000 0.000000 0.000000 0.000000 1.000000
0.996970 0.001859 -0.077769 0.000000 -0.005196 0.999073 -0.042734 12.582700 0.077617 0.043009 0.996055 -0.000000 0.000000 0.000000 0.000000 1.000000
0.995623 -0.000521 -0.093459 0.000000 -0.003340 0.999147 -0.041155 12.582700 0.093401 0.041287 0.994772 0.000000 0.000000 0.000000 0.000000 1.000000
0.994009 -0.002175 -0.109276 -0.000000 -0.002118 0.999231 -0.039158 12.582700 0.109277 0.039155 0.993240 0.000000 0.000000 0.000000 0.000000 1.000000
0.992515 -0.000054 -0.122125 -0.000000 -0.004255 0.999378 -0.035020 12.582700 0.122051 0.035278 0.991897 0.000000 0.000000 0.000000 0.000000 1.000000
0.991357 0.003600 -0.131141 0.000000 -0.007592 0.999523 -0.029952 12.582700 0.130970 0.030689 0.990911 0.000000 0.000000 0.000000 0.000000 1.000000
0.990662 0.006234 -0.136196 0.000000 -0.009968 0.999592 -0.026755 12.582700 0.135973 0.027863 0.990321 -0.000000 0.000000 0.000000 0.000000 1.000000
0.990748 0.004323 -0.135643 0.000000 -0.008138 0.999586 -0.027585 12.582700 0.135468 0.028433 0.990374 -0.000000 0.000000 0.000000 0.000000 1.000000
0.991590 -0.005138 -0.129318 -0.000000 0.000945 0.999472 -0.032468 12.582700 0.129416 0.032073 0.991072 0.000000 0.000000 0.000000 0.000000 1.000000
0.992867 -0.013203 -0.118494 0.000000 0.008564 0.999180 -0.039579 12.582700 0.118920 0.038282 0.992166 -0.000000 0.000000 0.000000 0.000000 1.000000
0.994026 -0.017963 -0.107652 0.000000 0.013062 0.998853 -0.046062 12.582700 0.108356 0.044380 0.993121 0.000000 0.000000 0.000000 0.000000 1.000000
0.994827 -0.019280 -0.099741 0.000000 0.014335 0.998643 -0.050065 12.582700 0.100571 0.048376 0.993753 -0.000000 0.000000 0.000000 0.000000 1.000000
0.995359 -0.017056 -0.094707 0.000000 0.012203 0.998594 -0.051583 12.582700 0.095453 0.050188 0.994168 -0.000000 0.000000 0.000000 0.000000 1.000000
0.995818 -0.012734 -0.090466 0.000000 0.008078 0.998633 -0.051640 12.582700 0.091000 0.050693 0.994560 0.000000 0.000000 0.000000 0.000000 1.000000
0.996358 -0.008207 -0.084873 0.000000 0.003951 0.998731 -0.050197 12.582700 0.085177 0.049679 0.995127 -0.000000 0.000000 0.000000 0.000000 1.000000
0.996977 -0.004563 -0.077565 0.000000 0.000911 0.998892 -0.047058 12.582700 0.077693 0.046845 0.995876 0.000000 0.000000 0.000000 0.000000 1.000000</float_array><technique_common><accessor source="#mixamorig_Spine1-Matrix-animation-output-transform-array" count="31" stride="16"><param type="float4x4"/></accessor></technique_common></source><source id="mixamorig_Spine1-Interpolations"><Name_array id="mixamorig_Spine1-Interpolations-array" count="31">
 LINEAR LINEAR LINEAR LINEAR LINEAR LINEAR LINEAR LINEAR LINEAR LINEAR LINEAR
LINEAR LINEAR LINEAR LINEAR LINEAR LINEAR LINEAR LINEAR LINEAR LINEAR LINEAR LINEAR
LINEAR LINEAR LINEAR LINEAR LINEAR LINEAR LINEAR LINEAR</Name_array><technique_common><accessor source="#mixamorig_Spine1-Interpolations-array" count="31"><param type="name"/></accessor></technique_common></source><sampler id="mixamorig_Spine1-Matrix-animation-transform"><input semantic="INPUT" source="#mixamorig_Spine1-Matrix-animation-input"/><input semantic="OUTPUT" source="#mixamorig_Spine1-Matrix-animation-output-transform"/><input semantic="INTERPOLATION" source="#mixamorig_Spine1-Interpolations"/></sampler><channel source="#mixamorig_Spine1-Matrix-animation-transform" target="mixamorig_Spine1/matrix"/></animation>
    <animation id="mixamorig_Spine2-anim" name="mixamorig_Spine2"><source id="mixamorig_Spine2-Matrix-animation-input"><float_array id="mixamorig_Spine2-Matrix-animation-input-array" count="31">

0.000000 0.033333 0.066667 0.100000 0.133333 0.166667 0.200000 0.233333 0.266667 0.300000 0.333333 0.366667 0.400000 0.433333 0.466667 0.500000
0.533333 0.566667 0.600000 0.633333 0.666667 0.700000 0.733333 0.766667 0.800000 0.833333 0.866667 0.900000 0.933333 0.966667 1.000000</float_array><technique_common><accessor source="#mixamorig_Spine2-Matrix-animation-input-array" count="31"><param name="TIME" type="float"/></accessor></technique_common></source><source id="mixamorig_Spine2-Matrix-animation-output-transform"><float_array id="mixamorig_Spine2-Matrix-animation-output-transform-array" count="496">

0.984969 -0.064036 -0.160422 0.000000 0.055544 0.996835 -0.056880 14.380200 0.163556 0.047114 0.985408 -0.000000 0.000000 0.000000 0.000000 1.000000
0.985826 -0.062613 -0.155647 -0.000000 0.055288 0.997169 -0.050957 14.380200 0.158397 0.041630 0.986498 -0.000000 0.000000 0.000000 0.000000 1.000000
0.986999 -0.060886 -0.148750 -0.000000 0.054688 0.997470 -0.045409 14.380200 0.151138 0.036684 0.987832 0.000000 0.000000 0.000000 0.000000 1.000000
0.988603 -0.058340 -0.138784 -0.000000 0.053106 0.997742 -0.041126 14.380200 0.140870 0.033287 0.989468 0.000000 0.000000 0.000000 0.000000 1.000000
0.990242 -0.057703 -0.126849 -0.000000 0.053362 0.997876 -0.037358 14.380200 0.128735 0.030224 0.991218 0.000000 0.000000 0.000000 0.000000 1.000000
0.991592 -0.058516 -0.115416 -0.000000 0.055002 0.997927 -0.033401 14.380200 0.117131 0.026772 0.992756 0.000000 0.000000 0.000000 0.000000 1.000000
0.992571 -0.056275 -0.107874 -0.000000 0.053358 0.998132 -0.029742 14.380200 0.109347 0.023765 0.993720 0.000000 0.000000 0.000000 0.000000 1.000000
0.993095 -0.051852 -0.105235 0.000000 0.049264 0.998419 -0.027051 14.380200 0.106471 0.021680 0.994079 0.000000 0.000000 0.000000 0.000000 1.000000
0.992993 -0.046655 -0.108576 0.000000 0.044056 0.998685 -0.026217 14.380200 0.109656 0.021250 0.993742 0.000000 0.000000 0.000000 0.000000 1.000000
0.992267 -0.042439 -0.116638 0.000000 0.039384 0.998821 -0.028368 14.380200 0.117704 0.023555 0.992769 0.000000 0.000000 0.000000 0.000000 1.000000
0.990977 -0.037416 -0.128701 0.000000 0.033238 0.998853 -0.034460 14.380200 0.129843 0.029871 0.991085 0.000000 0.000000 0.000000 0.000000 1.000000
0.989501 -0.034339 -0.140388 0.000000 0.028643 0.998690 -0.042395 14.380200 0.141660 0.037928 0.989189 -0.000000 0.000000 0.000000 0.000000 1.000000
0.988464 -0.035894 -0.147139 -0.000000 0.028799 0.998331 -0.050067 14.380200 0.148691 0.045251 0.987848 0.000000 0.000000 0.000000 0.000000 1.000000
0.988151 -0.041544 -0.147758 0.000000 0.033806 0.997941 -0.054500 14.380200 0.149717 0.048859 0.987521 0.000000 0.000000 0.000000 0.000000 1.000000
0.988013 -0.048423 -0.146579 0.000000 0.040676 0.997636 -0.055396 14.380200 0.148915 0.048770 0.987647 -0.000000 0.000000 0.000000 0.000000 1.000000
0.987161 -0.053974 -0.150332 0.000000 0.046320 0.997468 -0.053962 14.380200 0.152864 0.046306 0.987162 -0.000000 0.000000 0.000000 0.000000 1.000000
0.985297 -0.057453 -0.160899 0.000000 0.049652 0.997407 -0.052095 14.380200 0.163475 0.043340 0.985595 0.000000 0.000000 0.000000 0.000000 1.000000
0.982454 -0.059705 -0.176690 0.000000 0.051538 0.997395 -0.050459 14.380200 0.179242 0.040468 0.982972 0.000000 0.000000 0.000000 0.000000 1.000000
0.979379 -0.061303 -0.192504 0.000000 0.052937 0.997428 -0.048313 14.380200 0.194971 0.037127 0.980106 0.000000 0.000000 0.000000 0.000000 1.000000
0.976850 -0.059315 -0.205537 -0.000000 0.051415 0.997726 -0.043574 14.380200 0.207654 0.031998 0.977679 0.000000 0.000000 0.000000 0.000000 1.000000
0.975104 -0.055837 -0.214602 0.000000 0.048842 0.998092 -0.037764 14.380200 0.216301 0.026343 0.975971 0.000000 0.000000 0.000000 0.000000 1.000000
0.974170 -0.053189 -0.219461 -0.000000 0.046820 0.998320 -0.034123 14.380200 0.220907 0.022967 0.975024 0.000000 0.000000 0.000000 0.000000 1.000000
0.974305 -0.054851 -0.218452 -0.000000 0.048262 0.998208 -0.035385 14.380200 0.220001 0.023933 0.975206 -0.000000 0.000000 0.000000 0.000000 1.000000
0.975254 -0.063976 -0.211630 0.000000 0.056308 0.997527 -0.042070 14.380200 0.213798 0.029113 0.976444 0.000000 0.000000 0.000000 0.000000 1.000000
0.977011 -0.071932 -0.200686 0.000000 0.063057 0.996743 -0.050276 14.380200 0.203648 0.036466 0.978365 0.000000 0.000000 0.000000 0.000000 1.000000
0.978790 -0.076793 -0.189929 0.000000 0.067063 0.996111 -0.057144 14.380200 0.193578 0.043195 0.980134 0.000000 0.000000 0.000000 0.000000 1.000000
0.980155 -0.078317 -0.182107 -0.000000 0.068195 0.995793 -0.061205 14.380200 0.186134 0.047572 0.981372 -0.000000 0.000000 0.000000 0.000000 1.000000
0.981224 -0.076297 -0.177138 0.000000 0.066151 0.995850 -0.062501 14.380200 0.181172 0.049609 0.982199 -0.000000 0.000000 0.000000 0.000000 1.000000
0.982278 -0.072118 -0.173001 -0.000000 0.062188 0.996127 -0.062156 14.380200 0.176814 0.050296 0.982958 -0.000000 0.000000 0.000000 0.000000 1.000000
0.983537 -0.067661 -0.167564 0.000000 0.058276 0.996477 -0.060311 14.380200 0.171055 0.049553 0.984015 0.000000 0.000000 0.000000 0.000000 1.000000
0.984969 -0.064036 -0.160422 -0.000000 0.055544 0.996835 -0.056880 14.380200 0.163556 0.047114 0.985408 -0.000000 0.000000 0.000000 0.000000 1.000000</float_array><technique_common><accessor source="#mixamorig_Spine2-Matrix-animation-output-transform-array" count="31" stride="16"><param type="float4x4"/></accessor></technique_common></source><source id="mixamorig_Spine2-Interpolations"><Name_array id="mixamorig_Spine2-Interpolations-array" count="31">
 LINEAR LINEAR LINEAR LINEAR LINEAR LINEAR LINEAR LINEAR LINEAR LINEAR LINEAR
LINEAR LINEAR LINEAR LINEAR LINEAR LINEAR LINEAR LINEAR LINEAR LINEAR LINEAR LINEAR
LINEAR LINEAR LINEAR LINEAR LINEAR LINEAR LINEAR LINEAR</Name_array><technique_common><accessor source="#mixamorig_Spine2-Interpolations-array" count="31"><param type="name"/></accessor></technique_common></source><sampler id="mixamorig_Spine2-Matrix-animation-transform"><input semantic="INPUT" source="#mixamorig_Spine2-Matrix-animation-input"/><input semantic="OUTPUT" source="#mixamorig_Spine2-Matrix-animation-output-transform"/><input semantic="INTERPOLATION" source="#mixamorig_Spine2-Interpolations"/></sampler><channel source="#mixamorig_Spine2-Matrix-animation-transform" target="mixamorig_Spine2/matrix"/></animation>
    <animation id="mixamorig_Neck-anim" name="mixamorig_Neck"><source id="mixamorig_Neck-Matrix-animation-input"><float_array id="mixamorig_Neck-Matrix-animation-input-array" count="31">

0.000000 0.033333 0.066667 0.100000 0.133333 0.166667 0.200000 0.233333 0.266667 0.300000 0.333333 0.366667 0.400000 0.433333 0.466667 0.500000
0.533333 0.566667 0.600000 0.633333 0.666667 0.700000 0.733333 0.766667 0.800000 0.833333 0.866667 0.900000 0.933333 0.966667 1.000000</float_array><technique_common><accessor source="#mixamorig_Neck-Matrix-animation-input-array" count="31"><param name="TIME" type="float"/></accessor></technique_common></source><source id="mixamorig_Neck-Matrix-animation-output-transform"><float_array id="mixamorig_Neck-Matrix-animation-output-transform-array" count="496">

0.989933 0.076751 0.118922 0.000000 -0.037067 0.951468 -0.305509 16.177799 -0.136599 0.298025 0.944734 -0.000000 0.000000 0.000000 0.000000 1.000000
0.989885 0.079359 0.117600 -0.000000 -0.040064 0.951544 -0.304891 16.177799 -0.136098 0.297095 0.945099 0.000000 0.000000 0.000000 0.000000 1.000000
0.989917 0.080976 0.116225 -0.000000 -0.042521 0.952523 -0.301484 16.177799 -0.135119 0.293502 0.946361 0.000000 0.000000 0.000000 0.000000 1.000000
0.990097 0.081054 0.114624 -0.000000 -0.043768 0.954012 -0.296556 16.177799 -0.133389 0.288602 0.948112 -0.000000 0.000000 0.000000 0.000000 1.000000
0.990305 0.082119 0.112035 -0.000000 -0.045788 0.954445 -0.294854 16.177799 -0.131145 0.286866 0.948952 0.000000 0.000000 0.000000 0.000000 1.000000
0.990402 0.085342 0.108723 0.000000 -0.049336 0.953075 -0.298687 16.177799 -0.129112 0.290456 0.948138 0.000000 0.000000 0.000000 0.000000 1.000000
0.990575 0.083746 0.108384 0.000000 -0.047083 0.951279 -0.304715 16.177799 -0.128622 0.296740 0.946257 0.000000 0.000000 0.000000 0.000000 1.000000
0.990692 0.079667 0.110372 0.000000 -0.041796 0.949706 -0.310342 16.177799 -0.129545 0.302840 0.944196 0.000000 0.000000 0.000000 0.000000 1.000000
0.990689 0.074054 0.114246 0.000000 -0.034977 0.949404 -0.312103 16.177799 -0.131578 0.305201 0.943154 0.000000 0.000000 0.000000 0.000000 1.000000
0.990548 0.069383 0.118325 0.000000 -0.029702 0.950664 -0.308796 16.177799 -0.133913 0.302363 0.943739 0.000000 0.000000 0.000000 0.000000 1.000000
0.990340 0.065802 0.122051 0.000000 -0.026206 0.953183 -0.301257 16.177799 -0.136160 0.295148 0.945700 -0.000000 0.000000 0.000000 0.000000 1.000000
0.990134 0.065315 0.123969 0.000000 -0.026003 0.954999 -0.295468 16.177799 -0.137689 0.289329 0.947275 0.000000 0.000000 0.000000 0.000000 1.000000
0.989963 0.069017 0.123330 0.000000 -0.029828 0.955027 -0.295016 16.177799 -0.138145 0.288376 0.947500 -0.000000 0.000000 0.000000 0.000000 1.000000
0.989758 0.075190 0.121349 0.000000 -0.035699 0.953405 -0.299572 16.177799 -0.138220 0.292172 0.946325 0.000000 0.000000 0.000000 0.000000 1.000000
0.989460 0.080452 0.120403 0.000000 -0.040328 0.951664 -0.304482 16.177799 -0.139080 0.296417 0.944878 0.000000 0.000000 0.000000 0.000000 1.000000
0.989084 0.081746 0.122595 0.000000 -0.040804 0.951413 -0.305201 16.177799 -0.141588 0.296867 0.944364 -0.000000 0.000000 0.000000 0.000000 1.000000
0.988717 0.079031 0.127253 0.000000 -0.037257 0.952545 -0.302110 16.177799 -0.145090 0.293960 0.944741 0.000000 0.000000 0.000000 0.000000 1.000000
0.988415 0.074083 0.132470 -0.000000 -0.031582 0.954071 -0.297911 16.177799 -0.148456 0.290276 0.945357 0.000000 0.000000 0.000000 0.000000 1.000000
0.988203 0.069299 0.136571 0.000000 -0.026013 0.954760 -0.296239 16.177799 -0.150922 0.289192 0.945299 0.000000 0.000000 0.000000 0.000000 1.000000
0.988112 0.063046 0.140215 0.000000 -0.018427 0.954039 -0.299114 16.177799 -0.152628 0.292974 0.943859 0.000000 0.000000 0.000000 0.000000 1.000000
0.988061 0.061310 0.141337 0.000000 -0.015662 0.952624 -0.303747 16.177799 -0.153264 0.297907 0.942211 0.000000 0.000000 0.000000 0.000000 1.000000
0.988078 0.065884 0.139148 0.000000 -0.020387 0.951842 -0.305909 16.177799 -0.152601 0.299425 0.941837 0.000000 0.000000 0.000000 0.000000 1.000000
0.988123 0.076072 0.133516 0.000000 -0.032152 0.951985 -0.304453 16.177799 -0.150265 0.296544 0.943124 -0.000000 0.000000 0.000000 0.000000 1.000000
0.988214 0.084237 0.127819 0.000000 -0.042188 0.952511 -0.301568 16.177799 -0.147152 0.292621 0.944838 0.000000 0.000000 0.000000 0.000000 1.000000
0.988413 0.087670 0.123913 -0.000000 -0.047204 0.953394 -0.298013 16.177799 -0.144265 0.288711 0.946485 0.000000 0.000000 0.000000 0.000000 1.000000
0.988626 0.088372 0.121694 -0.000000 -0.048798 0.953862 -0.296254 16.177799 -0.142260 0.286946 0.947325 0.000000 0.000000 0.000000 0.000000 1.000000
0.988869 0.086538 0.121036 0.000000 -0.047019 0.953530 -0.297607 16.177799 -0.141166 0.288603 0.946985 0.000000 0.000000 0.000000 0.000000 1.000000
0.989160 0.083235 0.120971 -0.000000 -0.043396 0.952733 -0.300695 16.177799 -0.140281 0.292186 0.946017 0.000000 0.000000 0.000000 0.000000 1.000000
0.989483 0.079548 0.120814 0.000000 -0.039484 0.952023 -0.303468 16.177799 -0.139158 0.295506 0.945151 -0.000000 0.000000 0.000000 0.000000 1.000000
0.989765 0.077080 0.120101 0.000000 -0.037100 0.951628 -0.305004 16.177799 -0.137801 0.297427 0.944748 -0.000000 0.000000 0.000000 0.000000 1.000000
0.989933 0.076751 0.118922 0.000000 -0.037067 0.951468 -0.305509 16.177799 -0.136599 0.298025 0.944734 0.000000 0.000000 0.000000 0.000000 1.000000</float_array><technique_common><accessor source="#mixamorig_Neck-Matrix-animation-output-transform-array" count="31" stride="16"><param type="float4x4"/></accessor></technique_common></source><source id="mixamorig_Neck-Interpolations"><Name_array id="mixamorig_Neck-Interpolations-array" count="31">
 LINEAR LINEAR LINEAR LINEAR LINEAR LINEAR LINEAR LINEAR LINEAR LINEAR LINEAR
LINEAR LINEAR LINEAR LINEAR LINEAR LINEAR LINEAR LINEAR LINEAR LINEAR LINEAR LINEAR
LINEAR LINEAR LINEAR LINEAR LINEAR LINEAR LINEAR LINEAR</Name_array><technique_common><accessor source="#mixamorig_Neck-Interpolations-array" count="31"><param type="name"/></accessor></technique_common></source><sampler id="mixamorig_Neck-Matrix-animation-transform"><input semantic="INPUT" source="#mixamorig_Neck-Matrix-animation-input"/><input semantic="OUTPUT" source="#mixamorig_Neck-Matrix-animation-output-transform"/><input semantic="INTERPOLATION" source="#mixamorig_Neck-Interpolations"/></sampler><channel source="#mixamorig_Neck-Matrix-animation-transform" target="mixamorig_Neck/matrix"/></animation>
    <animation id="mixamorig_Head-anim" name="mixamorig_Head"><source id="mixamorig_Head-Matrix-animation-input"><float_array id="mixamorig_Head-Matrix-animation-input-array" count="31">

0.000000 0.033333 0.066667 0.100000 0.133333 0.166667 0.200000 0.233333 0.266667 0.300000 0.333333 0.366667 0.400000 0.433333 0.466667 0.500000
0.533333 0.566667 0.600000 0.633333 0.666667 0.700000 0.733333 0.766667 0.800000 0.833333 0.866667 0.900000 0.933333 0.966667 1.000000</float_array><technique_common><accessor source="#mixamorig_Head-Matrix-animation-input-array" count="31"><param name="TIME" type="float"/></accessor></technique_common></source><source id="mixamorig_Head-Matrix-animation-output-transform"><float_array id="mixamorig_Head-Matrix-animation-output-transform-array" count="496">

0.929854 -0.134486 0.342469 -0.000000 0.138768 0.990251 0.012090 6.762300 -0.340757 0.036282 0.939451 3.044900 0.000000 0.000000 0.000000 1.000000
0.931177 -0.130510 0.340407 0.000000 0.131991 0.991070 0.018912 6.762300 -0.339836 0.027321 0.940088 3.044900 0.000000 0.000000 0.000000 1.000000
0.931811 -0.129924 0.338892 0.000000 0.128821 0.991331 0.025850 6.762300 -0.339313 0.019569 0.940470 3.044900 0.000000 0.000000 0.000000 1.000000
0.931629 -0.132554 0.338373 0.000000 0.130179 0.991042 0.029814 6.762300 -0.339294 0.016274 0.940539 3.044900 0.000000 0.000000 0.000000 1.000000
0.932072 -0.132231 0.337278 0.000000 0.131687 0.990986 0.024599 6.762300 -0.337491 0.021487 0.941084 3.044900 0.000000 0.000000 0.000000 1.000000
0.933627 -0.126041 0.335342 0.000000 0.130734 0.991380 0.008641 6.762300 -0.333541 0.035774 0.942057 3.044900 0.000000 0.000000 0.000000 1.000000
0.932477 -0.127003 0.338168 -0.000000 0.137835 0.990422 -0.008105 6.762300 -0.333899 0.054169 0.941051 3.044900 0.000000 0.000000 0.000000 1.000000
0.929338 -0.130692 0.345326 -0.000000 0.147827 0.988731 -0.023635 6.762300 -0.338346 0.073014 0.938185 3.044900 0.000000 0.000000 0.000000 1.000000
0.924355 -0.138446 0.355529 0.000000 0.160078 0.986585 -0.032009 6.762300 -0.346328 0.086500 0.934117 3.044900 0.000000 0.000000 0.000000 1.000000
0.919301 -0.149155 0.364195 -0.000000 0.170705 0.984938 -0.027516 6.762300 -0.354605 0.087466 0.930916 3.044900 0.000000 0.000000 0.000000 1.000000
0.915198 -0.162673 0.368713 -0.000000 0.177412 0.984117 -0.006177 6.762300 -0.361853 0.071067 0.929523 3.044900 0.000000 0.000000 0.000000 1.000000
0.914485 -0.167871 0.368153 0.000000 0.173938 0.984611 0.016905 6.762300 -0.365326 0.048576 0.929611 3.044900 0.000000 0.000000 0.000000 1.000000
0.917973 -0.156795 0.364335 0.000000 0.157659 0.987108 0.027576 6.762300 -0.363962 0.032127 0.930860 3.044900 0.000000 0.000000 0.000000 1.000000
0.922603 -0.134895 0.361396 -0.000000 0.136845 0.990384 0.020323 6.762300 -0.360662 0.030705 0.932191 3.044900 0.000000 0.000000 0.000000 1.000000
0.924694 -0.116605 0.362415 0.000000 0.123077 0.992383 0.005267 6.762300 -0.360269 0.039735 0.932002 3.044900 0.000000 0.000000 0.000000 1.000000
0.922341 -0.113613 0.369296 -0.000000 0.123618 0.992324 -0.003457 6.762300 -0.366069 0.048840 0.929305 3.044900 0.000000 0.000000 0.000000 1.000000
0.917073 -0.121989 0.379599 0.000000 0.132686 0.991156 -0.002035 6.762300 -0.375994 0.052234 0.925149 3.044900 0.000000 0.000000 0.000000 1.000000
0.911547 -0.131923 0.389460 0.000000 0.141376 0.989946 0.004432 6.762300 -0.386129 0.051021 0.921033 3.044900 0.000000 0.000000 0.000000 1.000000
0.908011 -0.136766 0.395995 -0.000000 0.146125 0.989244 0.006595 6.762300 -0.392637 0.051876 0.918229 3.044900 0.000000 0.000000 0.000000 1.000000
0.905624 -0.142695 0.399354 0.000000 0.155372 0.987856 0.000634 6.762300 -0.394595 0.061474 0.916797 3.044900 0.000000 0.000000 0.000000 1.000000
0.907197 -0.143001 0.395658 0.000000 0.160318 0.987006 -0.010861 6.762300 -0.388963 0.073284 0.918334 3.044900 0.000000 0.000000 0.000000 1.000000
0.913291 -0.135417 0.384138 0.000000 0.154939 0.987718 -0.020178 6.762300 -0.376687 0.077947 0.923055 3.044900 0.000000 0.000000 0.000000 1.000000
0.922803 -0.118850 0.366481 0.000000 0.137067 0.990271 -0.023991 6.762300 -0.360065 0.072372 0.930116 3.044900 0.000000 0.000000 0.000000 1.000000
0.930424 -0.105298 0.351031 0.000000 0.121088 0.992369 -0.023269 6.762300 -0.345903 0.064156 0.936074 3.044900 0.000000 0.000000 0.000000 1.000000
0.933839 -0.100793 0.343198 0.000000 0.113926 0.993321 -0.018268 6.762300 -0.339065 0.056159 0.939085 3.044900 0.000000 0.000000 0.000000 1.000000
0.934366 -0.104092 0.340771 0.000000 0.115906 0.993155 -0.014434 6.762300 -0.336936 0.052984 0.940036 3.044900 0.000000 0.000000 0.000000 1.000000
0.932908 -0.115373 0.341133 0.000000 0.127724 0.991712 -0.013891 6.762300 -0.336703 0.056530 0.939912 3.044900 0.000000 0.000000 0.000000 1.000000
0.931017 -0.128720 0.341523 0.000000 0.141985 0.989769 -0.014019 6.762300 -0.336224 0.061543 0.939769 3.044900 0.000000 0.000000 0.000000 1.000000
0.929614 -0.137819 0.341796 0.000000 0.150511 0.988550 -0.010756 6.762300 -0.336400 0.061443 0.939713 3.044900 0.000000 0.000000 0.000000 1.000000
0.929324 -0.138642 0.342251 -0.000000 0.148184 0.988958 -0.001753 6.762300 -0.338229 0.052346 0.939607 3.044900 0.000000 0.000000 0.000000 1.000000
0.929854 -0.134485 0.342470 0.000000 0.138768 0.990251 0.012090 6.762300 -0.340757 0.036282 0.939451 3.044900 0.000000 0.000000 0.000000 1.000000</float_array><technique_common><accessor source="#mixamorig_Head-Matrix-animation-output-transform-array" count="31" stride="16"><param type="float4x4"/></accessor></technique_common></source><source id="mixamorig_Head-Interpolations"><Name_array id="mixamorig_Head-Interpolations-array" count="31">
 LINEAR LINEAR LINEAR LINEAR LINEAR LINEAR LINEAR LINEAR LINEAR LINEAR LINEAR
LINEAR LINEAR LINEAR LINEAR LINEAR LINEAR LINEAR LINEAR LINEAR LINEAR LINEAR LINEAR
LINEAR LINEAR LINEAR LINEAR LINEAR LINEAR LINEAR LINEAR</Name_array><technique_common><accessor source="#mixamorig_Head-Interpolations-array" count="31"><param type="name"/></accessor></technique_common></source><sampler id="mixamorig_Head-Matrix-animation-transform"><input semantic="INPUT" source="#mixamorig_Head-Matrix-animation-input"/><input semantic="OUTPUT" source="#mixamorig_Head-Matrix-animation-output-transform"/><input semantic="INTERPOLATION" source="#mixamorig_Head-Interpolations"/></sampler><channel source="#mixamorig_Head-Matrix-animation-transform" target="mixamorig_Head/matrix"/></animation>
    <animation id="mixamorig_LeftShoulder-anim" name="mixamorig_LeftShoulder"><source id="mixamorig_LeftShoulder-Matrix-animation-input"><float_array id="mixamorig_LeftShoulder-Matrix-animation-input-array" count="31">

0.000000 0.033333 0.066667 0.100000 0.133333 0.166667 0.200000 0.233333 0.266667 0.300000 0.333333 0.366667 0.400000 0.433333 0.466667 0.500000
