<?xml version="1.0" encoding="utf-8"?>
<COLLADA xmlns="http://www.collada.org/2005/11/COLLADASchema" version="1.4.1">
  <asset><contributor><author>Mixamo</author><authoring_tool>COLLADA Mixamo exporter</authoring_tool><comments></comments></contributor><created>2020-06-21T20:34:34Z</created><modified>2020-06-21T20:34:34Z</modified><revision></revision><title></title><unit meter="0.010000"/><up_axis>Y_UP</up_axis></asset>
  <library_animations>
    <animation id="mixamorig_Hips-anim" name="mixamorig_Hips"><source id="mixamorig_Hips-Matrix-animation-input"><float_array id="mixamorig_Hips-Matrix-animation-input-array" count="41">

0.000000 0.033333 0.066667 0.100000 0.133333 0.166667 0.200000 0.233333 0.266667 0.300000 0.333333 0.366667 0.400000 0.433333 0.466667 0.500000
0.533333 0.566667 0.600000 0.633333 0.666667 0.700000 0.733333 0.766667 0.800000 0.833333 0.866667 0.900000 0.933333 0.966667 1.000000 1.033333
1.066667 1.100000 1.133333 1.166667 1.200000 1.233333 1.266667 1.300000 1.333333</float_array><technique_common><accessor source="#mixamorig_Hips-Matrix-animation-input-array" count="41"><param name="TIME" type="float"/></accessor></technique_common></source><source id="mixamorig_Hips-Matrix-animation-output-transform"><float_array id="mixamorig_Hips-Matrix-animation-output-transform-array" count="656">

0.586115 0.041173 -0.809181 -0.273884 -0.106559 0.993950 -0.026610 90.081284 0.803190 0.101822 0.586956 0.609164 0.000000 0.000000 0.000000 1.000000
0.585772 0.041624 -0.809407 -0.264531 -0.107087 0.993899 -0.026388 90.029144 0.803370 0.102135 0.586655 0.592295 0.000000 0.000000 0.000000 1.000000
0.585779 0.041992 -0.809382 -0.252297 -0.107331 0.993880 -0.026116 89.986526 0.803332 0.102170 0.586701 0.571586 0.000000 0.000000 0.000000 1.000000
0.586107 0.042302 -0.809128 -0.238691 -0.107555 0.993860 -0.025949 89.953270 0.803063 0.102235 0.587059 0.549831 0.000000 0.000000 0.000000 1.000000
0.586307 0.042464 -0.808975 -0.224092 -0.107761 0.993839 -0.025932 89.923607 0.802890 0.102380 0.587270 0.528284 0.000000 0.000000 0.000000 1.000000
0.585954 0.042409 -0.809234 -0.206794 -0.107748 0.993840 -0.025936 89.894150 0.803149 0.102391 0.586914 0.505307 0.000000 0.000000 0.000000 1.000000
0.585265 0.042357 -0.809735 -0.189357 -0.107659 0.993852 -0.025827 89.865974 0.803663 0.102291 0.586227 0.480945 0.000000 0.000000 0.000000 1.000000
0.584742 0.042525 -0.810104 -0.178366 -0.107718 0.993852 -0.025581 89.840042 0.804036 0.102221 0.585728 0.457790 0.000000 0.000000 0.000000 1.000000
0.584401 0.042869 -0.810332 -0.176354 -0.107906 0.993841 -0.025243 89.814774 0.804259 0.102191 0.585427 0.436287 0.000000 0.000000 0.000000 1.000000
0.583989 0.043336 -0.810604 -0.179719 -0.108189 0.993821 -0.024813 89.788864 0.804520 0.102189 0.585069 0.414054 0.000000 0.000000 0.000000 1.000000
0.583656 0.043855 -0.810816 -0.182708 -0.108635 0.993781 -0.024448 89.763275 0.804701 0.102352 0.584790 0.388755 0.000000 0.000000 0.000000 1.000000
0.583657 0.044147 -0.810800 -0.184688 -0.109175 0.993721 -0.024483 89.741440 0.804628 0.102809 0.584812 0.358641 0.000000 0.000000 0.000000 1.000000
0.583802 0.044214 -0.810691 -0.192222 -0.109623 0.993665 -0.024749 89.727890 0.804461 0.103319 0.584951 0.324221 0.000000 0.000000 0.000000 1.000000
0.583753 0.044399 -0.810717 -0.206609 -0.110030 0.993619 -0.024811 89.723869 0.804441 0.103686 0.584913 0.290230 0.000000 0.000000 0.000000 1.000000
0.583444 0.044767 -0.810919 -0.219935 -0.110612 0.993556 -0.024735 89.725060 0.804586 0.104129 0.584636 0.261523 0.000000 0.000000 0.000000 1.000000
0.583027 0.045192 -0.811195 -0.230073 -0.111394 0.993469 -0.024716 89.725502 0.804780 0.104772 0.584253 0.237835 0.000000 0.000000 0.000000 1.000000
0.582710 0.045502 -0.811405 -0.242909 -0.112145 0.993382 -0.024830 89.723679 0.804905 0.105464 0.583957 0.216701 0.000000 0.000000 0.000000 1.000000
0.582651 0.045610 -0.811442 -0.259818 -0.112666 0.993317 -0.025066 89.724396 0.804875 0.106026 0.583896 0.199690 0.000000 0.000000 0.000000 1.000000
0.582935 0.045643 -0.811236 -0.277547 -0.112971 0.993276 -0.025293 89.735313 0.804627 0.106390 0.584172 0.189419 0.000000 0.000000 0.000000 1.000000
0.583528 0.045619 -0.810810 -0.294068 -0.113054 0.993262 -0.025479 89.759789 0.804185 0.106533 0.584754 0.188010 0.000000 0.000000 0.000000 1.000000
0.584184 0.045431 -0.810349 -0.310086 -0.112830 0.993283 -0.025652 89.794312 0.803740 0.106417 0.585386 0.197308 0.000000 0.000000 0.000000 1.000000
0.584683 0.045099 -0.810007 -0.326690 -0.112305 0.993340 -0.025757 89.832840 0.803451 0.106028 0.585854 0.214559 0.000000 0.000000 0.000000 1.000000
0.585167 0.044878 -0.809670 -0.344055 -0.111628 0.993420 -0.025613 89.871368 0.803193 0.105369 0.586326 0.235485 0.000000 0.000000 0.000000 1.000000
0.585900 0.044888 -0.809139 -0.362072 -0.110954 0.993505 -0.025227 89.909676 0.802752 0.104558 0.587075 0.259631 0.000000 0.000000 0.000000 1.000000
0.586871 0.044948 -0.808432 -0.379975 -0.110377 0.993578 -0.024885 89.949623 0.802121 0.103837 0.588064 0.288772 0.000000 0.000000 0.000000 1.000000
0.587892 0.044910 -0.807692 -0.397480 -0.109893 0.993635 -0.024739 89.988152 0.801440 0.103304 0.589086 0.322018 0.000000 0.000000 0.000000 1.000000
0.588780 0.044766 -0.807053 -0.417528 -0.109346 0.993698 -0.024655 90.022568 0.800863 0.102765 0.589964 0.357170 0.000000 0.000000 0.000000 1.000000
0.589386 0.044490 -0.806626 -0.441557 -0.108630 0.993779 -0.024561 90.060455 0.800515 0.102100 0.590552 0.394395 0.000000 0.000000 0.000000 1.000000
0.589562 0.044153 -0.806516 -0.463241 -0.108018 0.993846 -0.024552 90.103775 0.800468 0.101593 0.590703 0.434571 0.000000 0.000000 0.000000 1.000000
0.589326 0.043825 -0.806706 -0.477421 -0.107552 0.993896 -0.024576 90.145531 0.800704 0.101246 0.590442 0.471680 0.000000 0.000000 0.000000 1.000000
0.588888 0.043442 -0.807046 -0.485441 -0.107006 0.993955 -0.024577 90.184097 0.801100 0.100832 0.589977 0.501548 0.000000 0.000000 0.000000 1.000000
0.588452 0.042805 -0.807398 -0.490792 -0.106273 0.994029 -0.024756 90.224030 0.801518 0.100373 0.589487 0.522789 0.000000 0.000000 0.000000 1.000000
0.588206 0.042127 -0.807613 -0.492281 -0.105751 0.994074 -0.025167 90.260361 0.801767 0.100210 0.589175 0.539008 0.000000 0.000000 0.000000 1.000000
0.588192 0.041696 -0.807645 -0.485831 -0.105690 0.994068 -0.025652 90.284859 0.801785 0.100448 0.589110 0.555574 0.000000 0.000000 0.000000 1.000000
0.588083 0.041253 -0.807748 -0.470512 -0.105685 0.994055 -0.026176 90.297768 0.801866 0.100760 0.588946 0.569873 0.000000 0.000000 0.000000 1.000000
0.587689 0.040663 -0.808064 -0.449919 -0.105554 0.994054 -0.026745 90.297646 0.802172 0.101012 0.588487 0.577919 0.000000 0.000000 0.000000 1.000000
0.587314 0.040297 -0.808355 -0.424356 -0.105651 0.994031 -0.027208 90.275909 0.802434 0.101383 0.588066 0.585939 0.000000 0.000000 0.000000 1.000000
0.587103 0.040398 -0.808504 -0.389516 -0.105986 0.993993 -0.027297 90.233383 0.802544 0.101716 0.587858 0.599509 0.000000 0.000000 0.000000 1.000000
0.586887 0.040735 -0.808643 -0.347663 -0.106160 0.993983 -0.026976 90.183891 0.802679 0.101677 0.587681 0.611765 0.000000 0.000000 0.000000 1.000000
0.586565 0.041013 -0.808863 -0.308416 -0.106232 0.993985 -0.026637 90.134361 0.802905 0.101551 0.587393 0.615448 0.000000 0.000000 0.000000 1.000000
0.586115 0.041173 -0.809181 -0.273888 -0.106559 0.993950 -0.026610 90.081291 0.803190 0.101822 0.586956 0.609157 0.000000 0.000000 0.000000 1.000000</float_array><technique_common><accessor source="#mixamorig_Hips-Matrix-animation-output-transform-array" count="41" stride="16"><param type="float4x4"/></accessor></technique_common></source><source id="mixamorig_Hips-Interpolations"><Name_array id="mixamorig_Hips-Interpolations-array" count="41">
 LINEAR LINEAR LINEAR LINEAR LINEAR LINEAR LINEAR LINEAR LINEAR LINEAR LINEAR
LINEAR LINEAR LINEAR LINEAR LINEAR LINEAR LINEAR LINEAR LINEAR LINEAR LINEAR LINEAR
LINEAR LINEAR LINEAR LINEAR LINEAR LINEAR LINEAR LINEAR LINEAR LINEAR LINEAR LINEAR
LINEAR LINEAR LINEAR LINEAR LINEAR LINEAR</Name_array><technique_common><accessor source="#mixamorig_Hips-Interpolations-array" count="41"><param type="name"/></accessor></technique_common></source><sampler id="mixamorig_Hips-Matrix-animation-transform"><input semantic="INPUT" source="#mixamorig_Hips-Matrix-animation-input"/><input semantic="OUTPUT" source="#mixamorig_Hips-Matrix-animation-output-transform"/><input semantic="INTERPOLATION" source="#mixamorig_Hips-Interpolations"/></sampler><channel source="#mixamorig_Hips-Matrix-animation-transform" target="mixamorig_Hips/matrix"/></animation>
    <animation id="mixamorig_Spine-anim" name="mixamorig_Spine"><source id="mixamorig_Spine-Matrix-animation-input"><float_array id="mixamorig_Spine-Matrix-animation-input-array" count="41">

0.000000 0.033333 0.066667 0.100000 0.133333 0.166667 0.200000 0.233333 0.266667 0.300000 0.333333 0.366667 0.400000 0.433333 0.466667 0.500000
0.533333 0.566667 0.600000 0.633333 0.666667 0.700000 0.733333 0.766667 0.800000 0.833333 0.866667 0.900000 0.933333 0.966667 1.000000 1.033333
1.066667 1.100000 1.133333 1.166667 1.200000 1.233333 1.266667 1.300000 1.333333</float_array><technique_common><accessor source="#mixamorig_Spine-Matrix-animation-input-array" count="41"><param name="TIME" type="float"/></accessor></technique_common></source><source id="mixamorig_Spine-Matrix-animation-output-transform"><float_array id="mixamorig_Spine-Matrix-animation-output-transform-array" count="656">

0.992250 -0.052722 0.112514 0.000000 0.046570 0.997309 0.056622 10.729900 -0.115196 -0.050943 0.992036 -1.090300 0.000000 0.000000 0.000000 1.000000
0.992227 -0.053324 0.112438 0.000000 0.047212 0.997295 0.056343 10.729900 -0.115138 -0.050596 0.992060 -1.090300 0.000000 0.000000 0.000000 1.000000
0.992237 -0.053652 0.112193 0.000000 0.047609 0.997302 0.055871 10.729900 -0.114888 -0.050096 0.992114 -1.090300 0.000000 0.000000 0.000000 1.000000
0.992259 -0.053935 0.111866 0.000000 0.047953 0.997307 0.055494 10.729900 -0.114558 -0.049700 0.992173 -1.090300 0.000000 0.000000 0.000000 1.000000
0.992275 -0.054185 0.111600 0.000000 0.048251 0.997308 0.055206 10.729900 -0.114291 -0.049395 0.992219 -1.090300 0.000000 0.000000 0.000000 1.000000
0.992269 -0.054244 0.111619 -0.000000 0.048350 0.997323 0.054854 10.729900 -0.114296 -0.049033 0.992236 -1.090300 0.000000 0.000000 0.000000 1.000000
0.992249 -0.054243 0.111799 -0.000000 0.048386 0.997343 0.054459 10.729900 -0.114456 -0.048627 0.992237 -1.090300 0.000000 0.000000 0.000000 1.000000
0.992252 -0.054322 0.111738 -0.000000 0.048504 0.997354 0.054145 10.729900 -0.114383 -0.048306 0.992262 -1.090300 0.000000 0.000000 0.000000 1.000000
0.992293 -0.054330 0.111369 0.000000 0.048553 0.997363 0.053946 10.729900 -0.114006 -0.048123 0.992314 -1.090300 0.000000 0.000000 0.000000 1.000000
0.992355 -0.054205 0.110875 0.000000 0.048476 0.997378 0.053735 10.729900 -0.113496 -0.047949 0.992381 -1.090300 0.000000 0.000000 0.000000 1.000000
0.992411 -0.054153 0.110402 0.000000 0.048475 0.997391 0.053484 10.729900 -0.113011 -0.047727 0.992447 -1.090300 0.000000 0.000000 0.000000 1.000000
0.992448 -0.054145 0.110069 0.000000 0.048494 0.997395 0.053392 10.729900 -0.112673 -0.047651 0.992489 -1.090300 0.000000 0.000000 0.000000 1.000000
0.992494 -0.053875 0.109785 0.000000 0.048233 0.997407 0.053418 10.729900 -0.112378 -0.047722 0.992519 -1.090300 0.000000 0.000000 0.000000 1.000000
0.992557 -0.053434 0.109436 -0.000000 0.047811 0.997429 0.053379 10.729900 -0.112007 -0.047750 0.992560 -1.090300 0.000000 0.000000 0.000000 1.000000
0.992586 -0.053259 0.109257 0.000000 0.047642 0.997436 0.053395 10.729900 -0.111821 -0.047794 0.992578 -1.090300 0.000000 0.000000 0.000000 1.000000
0.992555 -0.053439 0.109445 0.000000 0.047793 0.997419 0.053579 10.729900 -0.112025 -0.047949 0.992548 -1.090300 0.000000 0.000000 0.000000 1.000000
0.992516 -0.053621 0.109714 0.000000 0.047926 0.997396 0.053898 10.729900 -0.112318 -0.048236 0.992501 -1.090300 0.000000 0.000000 0.000000 1.000000
0.992508 -0.053597 0.109795 -0.000000 0.047854 0.997378 0.054296 10.729900 -0.112417 -0.048635 0.992470 -1.090300 0.000000 0.000000 0.000000 1.000000
0.992511 -0.053536 0.109798 0.000000 0.047746 0.997361 0.054701 10.729900 -0.112437 -0.049049 0.992448 -1.090300 0.000000 0.000000 0.000000 1.000000
0.992495 -0.053530 0.109949 0.000000 0.047684 0.997340 0.055132 10.729900 -0.112608 -0.049475 0.992407 -1.090300 0.000000 0.000000 0.000000 1.000000
0.992454 -0.053469 0.110341 0.000000 0.047545 0.997318 0.055641 10.729900 -0.113020 -0.049975 0.992335 -1.090300 0.000000 0.000000 0.000000 1.000000
0.992404 -0.053291 0.110883 0.000000 0.047278 0.997301 0.056167 10.729900 -0.113577 -0.050498 0.992245 -1.090300 0.000000 0.000000 0.000000 1.000000
0.992353 -0.053104 0.111425 0.000000 0.047019 0.997292 0.056548 10.729900 -0.114126 -0.050877 0.992163 -1.090300 0.000000 0.000000 0.000000 1.000000
0.992312 -0.053016 0.111830 -0.000000 0.046882 0.997285 0.056784 10.729900 -0.114537 -0.051105 0.992104 -1.090300 0.000000 0.000000 0.000000 1.000000
0.992287 -0.053059 0.112030 0.000000 0.046884 0.997270 0.057050 10.729900 -0.114751 -0.051358 0.992066 -1.090300 0.000000 0.000000 0.000000 1.000000
0.992286 -0.053140 0.112004 -0.000000 0.046922 0.997246 0.057438 10.729900 -0.114748 -0.051740 0.992046 -1.090300 0.000000 0.000000 0.000000 1.000000
0.992316 -0.052955 0.111821 0.000000 0.046692 0.997230 0.057898 10.729900 -0.114578 -0.052232 0.992040 -1.090300 0.000000 0.000000 0.000000 1.000000
0.992353 -0.052416 0.111752 -0.000000 0.046098 0.997229 0.058394 10.729900 -0.114503 -0.052795 0.992019 -1.090300 0.000000 0.000000 0.000000 1.000000
0.992346 -0.052077 0.111968 0.000000 0.045685 0.997217 0.058916 10.729900 -0.114725 -0.053350 0.991964 -1.090300 0.000000 0.000000 0.000000 1.000000
0.992321 -0.051964 0.112247 -0.000000 0.045509 0.997201 0.059328 10.729900 -0.115015 -0.053764 0.991908 -1.090300 0.000000 0.000000 0.000000 1.000000
0.992319 -0.051649 0.112408 0.000000 0.045154 0.997202 0.059580 10.729900 -0.115171 -0.054047 0.991874 -1.090300 0.000000 0.000000 0.000000 1.000000
0.992339 -0.050956 0.112543 -0.000000 0.044425 0.997222 0.059796 10.729900 -0.115277 -0.054338 0.991846 -1.090300 0.000000 0.000000 0.000000 1.000000
0.992356 -0.050425 0.112639 0.000000 0.043859 0.997232 0.060032 10.729900 -0.115355 -0.054633 0.991821 -1.090300 0.000000 0.000000 0.000000 1.000000
0.992362 -0.050399 0.112593 -0.000000 0.043814 0.997223 0.060215 10.729900 -0.115315 -0.054822 0.991815 -1.090300 0.000000 0.000000 0.000000 1.000000
0.992369 -0.050393 0.112533 0.000000 0.043806 0.997221 0.060255 10.729900 -0.115257 -0.054865 0.991819 -1.090300 0.000000 0.000000 0.000000 1.000000
0.992373 -0.050216 0.112580 -0.000000 0.043640 0.997236 0.060131 10.729900 -0.115289 -0.054759 0.991822 -1.090300 0.000000 0.000000 0.000000 1.000000
0.992358 -0.050427 0.112620 0.000000 0.043888 0.997245 0.059801 10.729900 -0.115326 -0.054402 0.991837 -1.090300 0.000000 0.000000 0.000000 1.000000
0.992324 -0.051189 0.112569 0.000000 0.044738 0.997249 0.059106 10.729900 -0.115285 -0.053616 0.991884 -1.090300 0.000000 0.000000 0.000000 1.000000
0.992289 -0.051914 0.112553 0.000000 0.045585 0.997270 0.058095 10.729900 -0.115262 -0.052516 0.991946 -1.090300 0.000000 0.000000 0.000000 1.000000
0.992263 -0.052340 0.112585 0.000000 0.046115 0.997297 0.057206 10.729900 -0.115275 -0.051571 0.991994 -1.090300 0.000000 0.000000 0.000000 1.000000
0.992251 -0.052721 0.112514 0.000000 0.046570 0.997309 0.056621 10.729900 -0.115196 -0.050943 0.992036 -1.090300 0.000000 0.000000 0.000000 1.000000</float_array><technique_common><accessor source="#mixamorig_Spine-Matrix-animation-output-transform-array" count="41" stride="16"><param type="float4x4"/></accessor></technique_common></source><source id="mixamorig_Spine-Interpolations"><Name_array id="mixamorig_Spine-Interpolations-array" count="41">
 LINEAR LINEAR LINEAR LINEAR LINEAR LINEAR LINEAR LINEAR LINEAR LINEAR LINEAR
LINEAR LINEAR LINEAR LINEAR LINEAR LINEAR LINEAR LINEAR LINEAR LINEAR LINEAR LINEAR
LINEAR LINEAR LINEAR LINEAR LINEAR LINEAR LINEAR LINEAR LINEAR LINEAR LINEAR LINEAR
LINEAR LINEAR LINEAR LINEAR LINEAR LINEAR</Name_array><technique_common><accessor source="#mixamorig_Spine-Interpolations-array" count="41"><param type="name"/></accessor></technique_common></source><sampler id="mixamorig_Spine-Matrix-animation-transform"><input semantic="INPUT" source="#mixamorig_Spine-Matrix-animation-input"/><input semantic="OUTPUT" source="#mixamorig_Spine-Matrix-animation-output-transform"/><input semantic="INTERPOLATION" source="#mixamorig_Spine-Interpolations"/></sampler><channel source="#mixamorig_Spine-Matrix-animation-transform" target="mixamorig_Spine/matrix"/></animation>
    <animation id="mixamorig_Spine1-anim" name="mixamorig_Spine1"><source id="mixamorig_Spine1-Matrix-animation-input"><float_array id="mixamorig_Spine1-Matrix-animation-input-array" count="41">

0.000000 0.033333 0.066667 0.100000 0.133333 0.166667 0.200000 0.233333 0.266667 0.300000 0.333333 0.366667 0.400000 0.433333 0.466667 0.500000
0.533333 0.566667 0.600000 0.633333 0.666667 0.700000 0.733333 0.766667 0.800000 0.833333 0.866667 0.900000 0.933333 0.966667 1.000000 1.033333
1.066667 1.100000 1.133333 1.166667 1.200000 1.233333 1.266667 1.300000 1.333333</float_array><technique_common><accessor source="#mixamorig_Spine1-Matrix-animation-input-array" count="41"><param name="TIME" type="float"/></accessor></technique_common></source><source id="mixamorig_Spine1-Matrix-animation-output-transform"><float_array id="mixamorig_Spine1-Matrix-animation-output-transform-array" count="656">

0.990537 -0.006811 0.137078 0.000000 0.013197 0.998866 -0.045736 12.582700 -0.136611 0.047112 0.989504 -0.000000 0.000000 0.000000 0.000000 1.000000
0.990543 -0.006780 0.137033 -0.000000 0.013180 0.998862 -0.045846 12.582700 -0.136567 0.047218 0.989505 -0.000000 0.000000 0.000000 0.000000 1.000000
0.990568 -0.006661 0.136858 0.000000 0.013084 0.998852 -0.046091 12.582700 -0.136394 0.047447 0.989518 0.000000 0.000000 0.000000 0.000000 1.000000
0.990602 -0.006600 0.136613 0.000000 0.013036 0.998844 -0.046266 12.582700 -0.136150 0.047612 0.989543 -0.000000 0.000000 0.000000 0.000000 1.000000
0.990629 -0.006595 0.136419 0.000000 0.013036 0.998839 -0.046381 12.582700 -0.135955 0.047725 0.989565 0.000000 0.000000 0.000000 0.000000 1.000000
0.990623 -0.006537 0.136464 -0.000000 0.013007 0.998830 -0.046574 12.582700 -0.136000 0.047912 0.989550 0.000000 0.000000 0.000000 0.000000 1.000000
0.990599 -0.006450 0.136643 0.000000 0.012962 0.998819 -0.046825 12.582700 -0.136180 0.048156 0.989513 0.000000 0.000000 0.000000 0.000000 1.000000
0.990602 -0.006382 0.136628 -0.000000 0.012919 0.998811 -0.047013 12.582700 -0.136166 0.048336 0.989506 0.000000 0.000000 0.000000 0.000000 1.000000
0.990637 -0.006286 0.136376 0.000000 0.012823 0.998807 -0.047109 12.582700 -0.135918 0.048416 0.989536 0.000000 0.000000 0.000000 0.000000 1.000000
0.990687 -0.006110 0.136025 0.000000 0.012642 0.998805 -0.047210 12.582700 -0.135574 0.048489 0.989580 0.000000 0.000000 0.000000 0.000000 1.000000
0.990737 -0.005891 0.135669 0.000000 0.012420 0.998802 -0.047330 12.582700 -0.135228 0.048577 0.989623 -0.000000 0.000000 0.000000 0.000000 1.000000
0.990775 -0.005645 0.135396 0.000000 0.012156 0.998806 -0.047311 12.582700 -0.134968 0.048520 0.989661 0.000000 0.000000 0.000000 0.000000 1.000000
0.990808 -0.005330 0.135169 0.000000 0.011810 0.998817 -0.047177 12.582700 -0.134758 0.048339 0.989699 0.000000 0.000000 0.000000 0.000000 1.000000
0.990846 -0.005013 0.134902 0.000000 0.011464 0.998825 -0.047088 12.582700 -0.134508 0.048203 0.989739 0.000000 0.000000 0.000000 0.000000 1.000000
0.990866 -0.004854 0.134761 0.000000 0.011283 0.998832 -0.046988 12.582700 -0.134376 0.048080 0.989763 0.000000 0.000000 0.000000 0.000000 1.000000
0.990846 -0.004866 0.134912 0.000000 0.011278 0.998840 -0.046805 12.582700 -0.134527 0.047898 0.989752 -0.000000 0.000000 0.000000 0.000000 1.000000
0.990816 -0.004901 0.135130 0.000000 0.011289 0.998852 -0.046544 12.582700 -0.134747 0.047642 0.989734 0.000000 0.000000 0.000000 0.000000 1.000000
0.990808 -0.004904 0.135187 0.000000 0.011251 0.998867 -0.046230 12.582700 -0.134808 0.047326 0.989741 0.000000 0.000000 0.000000 0.000000 1.000000
0.990810 -0.004941 0.135173 0.000000 0.011248 0.998881 -0.045934 12.582700 -0.134794 0.047032 0.989757 -0.000000 0.000000 0.000000 0.000000 1.000000
0.990795 -0.005067 0.135277 0.000000 0.011342 0.998893 -0.045657 12.582700 -0.134895 0.046771 0.989755 0.000000 0.000000 0.000000 0.000000 1.000000
0.990752 -0.005275 0.135585 0.000000 0.011526 0.998904 -0.045359 12.582700 -0.135197 0.046503 0.989727 0.000000 0.000000 0.000000 0.000000 1.000000
0.990691 -0.005477 0.136022 0.000000 0.011714 0.998914 -0.045096 12.582700 -0.135627 0.046270 0.989679 0.000000 0.000000 0.000000 0.000000 1.000000
0.990629 -0.005632 0.136461 -0.000000 0.011876 0.998917 -0.044987 12.582700 -0.136060 0.046186 0.989623 0.000000 0.000000 0.000000 0.000000 1.000000
0.990583 -0.005820 0.136788 0.000000 0.012082 0.998914 -0.044998 12.582700 -0.136377 0.046227 0.989578 -0.000000 0.000000 0.000000 0.000000 1.000000
0.990563 -0.006063 0.136927 0.000000 0.012328 0.998913 -0.044952 12.582700 -0.136505 0.046216 0.989561 -0.000000 0.000000 0.000000 0.000000 1.000000
0.990571 -0.006272 0.136860 -0.000000 0.012511 0.998919 -0.044776 12.582700 -0.136431 0.046066 0.989578 0.000000 0.000000 0.000000 0.000000 1.000000
0.990593 -0.006369 0.136695 -0.000000 0.012568 0.998929 -0.044533 12.582700 -0.136264 0.045833 0.989612 0.000000 0.000000 0.000000 0.000000 1.000000
0.990597 -0.006393 0.136666 0.000000 0.012554 0.998941 -0.044265 12.582700 -0.136238 0.045564 0.989628 0.000000 0.000000 0.000000 0.000000 1.000000
0.990571 -0.006494 0.136844 0.000000 0.012624 0.998953 -0.043972 12.582700 -0.136415 0.045285 0.989616 0.000000 0.000000 0.000000 0.000000 1.000000
0.990544 -0.006682 0.137034 -0.000000 0.012792 0.998960 -0.043759 12.582700 -0.136599 0.045098 0.989599 0.000000 0.000000 0.000000 0.000000 1.000000
0.990529 -0.006824 0.137135 -0.000000 0.012927 0.998963 -0.043666 12.582700 -0.136694 0.045025 0.989590 0.000000 0.000000 0.000000 0.000000 1.000000
0.990516 -0.006825 0.137227 -0.000000 0.012922 0.998966 -0.043590 12.582700 -0.136788 0.044950 0.989580 0.000000 0.000000 0.000000 0.000000 1.000000
0.990511 -0.006840 0.137260 0.000000 0.012925 0.998970 -0.043489 12.582700 -0.136822 0.044850 0.989580 -0.000000 0.000000 0.000000 0.000000 1.000000
0.990525 -0.007037 0.137152 0.000000 0.013109 0.998971 -0.043421 12.582700 -0.136706 0.044807 0.989598 0.000000 0.000000 0.000000 0.000000 1.000000
0.990538 -0.007219 0.137048 -0.000000 0.013291 0.998968 -0.043443 12.582700 -0.136593 0.044853 0.989611 0.000000 0.000000 0.000000 0.000000 1.000000
0.990537 -0.007200 0.137059 0.000000 0.013287 0.998963 -0.043550 12.582700 -0.136603 0.044959 0.989605 0.000000 0.000000 0.000000 0.000000 1.000000
0.990535 -0.007167 0.137074 0.000000 0.013281 0.998955 -0.043744 12.582700 -0.136617 0.045150 0.989595 -0.000000 0.000000 0.000000 0.000000 1.000000
0.990541 -0.007231 0.137028 0.000000 0.013400 0.998935 -0.044153 12.582700 -0.136562 0.045572 0.989583 0.000000 0.000000 0.000000 0.000000 1.000000
0.990540 -0.007176 0.137035 0.000000 0.013433 0.998906 -0.044793 12.582700 -0.136564 0.046210 0.989553 -0.000000 0.000000 0.000000 0.000000 1.000000
0.990533 -0.006957 0.137099 0.000000 0.013296 0.998882 -0.045371 12.582700 -0.136630 0.046764 0.989518 0.000000 0.000000 0.000000 0.000000 1.000000
0.990537 -0.006811 0.137078 0.000000 0.013197 0.998866 -0.045736 12.582700 -0.136611 0.047112 0.989504 -0.000000 0.000000 0.000000 0.000000 1.000000</float_array><technique_common><accessor source="#mixamorig_Spine1-Matrix-animation-output-transform-array" count="41" stride="16"><param type="float4x4"/></accessor></technique_common></source><source id="mixamorig_Spine1-Interpolations"><Name_array id="mixamorig_Spine1-Interpolations-array" count="41">
 LINEAR LINEAR LINEAR LINEAR LINEAR LINEAR LINEAR LINEAR LINEAR LINEAR LINEAR
LINEAR LINEAR LINEAR LINEAR LINEAR LINEAR LINEAR LINEAR LINEAR LINEAR LINEAR LINEAR
LINEAR LINEAR LINEAR LINEAR LINEAR LINEAR LINEAR LINEAR LINEAR LINEAR LINEAR LINEAR
LINEAR LINEAR LINEAR LINEAR LINEAR LINEAR</Name_array><technique_common><accessor source="#mixamorig_Spine1-Interpolations-array" count="41"><param type="name"/></accessor></technique_common></source><sampler id="mixamorig_Spine1-Matrix-animation-transform"><input semantic="INPUT" source="#mixamorig_Spine1-Matrix-animation-input"/><input semantic="OUTPUT" source="#mixamorig_Spine1-Matrix-animation-output-transform"/><input semantic="INTERPOLATION" source="#mixamorig_Spine1-Interpolations"/></sampler><channel source="#mixamorig_Spine1-Matrix-animation-transform" target="mixamorig_Spine1/matrix"/></animation>
    <animation id="mixamorig_Spine2-anim" name="mixamorig_Spine2"><source id="mixamorig_Spine2-Matrix-animation-input"><float_array id="mixamorig_Spine2-Matrix-animation-input-array" count="41">

0.000000 0.033333 0.066667 0.100000 0.133333 0.166667 0.200000 0.233333 0.266667 0.300000 0.333333 0.366667 0.400000 0.433333 0.466667 0.500000
0.533333 0.566667 0.600000 0.633333 0.666667 0.700000 0.733333 0.766667 0.800000 0.833333 0.866667 0.900000 0.933333 0.966667 1.000000 1.033333
1.066667 1.100000 1.133333 1.166667 1.200000 1.233333 1.266667 1.300000 1.333333</float_array><technique_common><accessor source="#mixamorig_Spine2-Matrix-animation-input-array" count="41"><param name="TIME" type="float"/></accessor></technique_common></source><source id="mixamorig_Spine2-Matrix-animation-output-transform"><float_array id="mixamorig_Spine2-Matrix-animation-output-transform-array" count="656">

0.990540 -0.003632 0.137173 0.000000 0.010209 0.998830 -0.047274 14.380200 -0.136841 0.048227 0.989418 0.000000 0.000000 0.000000 0.000000 1.000000
0.990544 -0.003564 0.137146 0.000000 0.010153 0.998826 -0.047374 14.380200 -0.136816 0.048319 0.989417 -0.000000 0.000000 0.000000 0.000000 1.000000
0.990566 -0.003404 0.136994 0.000000 0.010017 0.998816 -0.047611 14.380200 -0.136669 0.048534 0.989427 0.000000 0.000000 0.000000 0.000000 1.000000
0.990597 -0.003308 0.136771 0.000000 0.009932 0.998809 -0.047777 14.380200 -0.136450 0.048686 0.989450 0.000000 0.000000 0.000000 0.000000 1.000000
0.990622 -0.003273 0.136593 0.000000 0.009903 0.998804 -0.047886 14.380200 -0.136273 0.048790 0.989469 0.000000 0.000000 0.000000 0.000000 1.000000
0.990614 -0.003193 0.136649 0.000000 0.009851 0.998795 -0.048075 14.380200 -0.136330 0.048970 0.989452 0.000000 0.000000 0.000000 0.000000 1.000000
0.990589 -0.003090 0.136838 0.000000 0.009790 0.998784 -0.048319 14.380200 -0.136522 0.049204 0.989414 0.000000 0.000000 0.000000 0.000000 1.000000
0.990588 -0.003005 0.136842 -0.000000 0.009729 0.998776 -0.048494 14.380200 -0.136529 0.049369 0.989405 -0.000000 0.000000 0.000000 0.000000 1.000000
0.990620 -0.002892 0.136616 0.000000 0.009614 0.998773 -0.048573 14.380200 -0.136307 0.049430 0.989433 0.000000 0.000000 0.000000 0.000000 1.000000
0.990666 -0.002697 0.136288 0.000000 0.009414 0.998771 -0.048660 14.380200 -0.135989 0.049489 0.989474 0.000000 0.000000 0.000000 0.000000 1.000000
0.990713 -0.002455 0.135950 0.000000 0.009168 0.998768 -0.048777 14.380200 -0.135663 0.049571 0.989514 0.000000 0.000000 0.000000 0.000000 1.000000
0.990749 -0.002182 0.135689 0.000000 0.008878 0.998771 -0.048758 14.380200 -0.135416 0.049511 0.989551 0.000000 0.000000 0.000000 0.000000 1.000000
0.990780 -0.001844 0.135471 0.000000 0.008507 0.998781 -0.048625 14.380200 -0.135216 0.049329 0.989587 -0.000000 0.000000 0.000000 0.000000 1.000000
0.990816 -0.001504 0.135211 0.000000 0.008140 0.998788 -0.048540 14.380200 -0.134974 0.049195 0.989627 0.000000 0.000000 0.000000 0.000000 1.000000
0.990835 -0.001329 0.135074 0.000000 0.007943 0.998794 -0.048443 14.380200 -0.134846 0.049072 0.989651 0.000000 0.000000 0.000000 0.000000 1.000000
0.990814 -0.001335 0.135225 0.000000 0.007932 0.998804 -0.048256 14.380200 -0.134999 0.048885 0.989639 0.000000 0.000000 0.000000 0.000000 1.000000
0.990785 -0.001372 0.135439 -0.000000 0.007943 0.998816 -0.047991 14.380200 -0.135213 0.048624 0.989623 0.000000 0.000000 0.000000 0.000000 1.000000
0.990778 -0.001380 0.135490 0.000000 0.007911 0.998832 -0.047675 14.380200 -0.135266 0.048307 0.989631 0.000000 0.000000 0.000000 0.000000 1.000000
0.990781 -0.001428 0.135469 -0.000000 0.007918 0.998846 -0.047377 14.380200 -0.135245 0.048013 0.989648 0.000000 0.000000 0.000000 0.000000 1.000000
0.990768 -0.001575 0.135561 -0.000000 0.008032 0.998858 -0.047102 14.380200 -0.135332 0.047756 0.989649 0.000000 0.000000 0.000000 0.000000 1.000000
0.990728 -0.001816 0.135848 0.000000 0.008250 0.998870 -0.046809 14.380200 -0.135610 0.047495 0.989623 0.000000 0.000000 0.000000 0.000000 1.000000
0.990671 -0.002063 0.136260 -0.000000 0.008482 0.998880 -0.046549 14.380200 -0.136011 0.047270 0.989579 -0.000000 0.000000 0.000000 0.000000 1.000000
0.990613 -0.002268 0.136674 0.000000 0.008695 0.998883 -0.046444 14.380200 -0.136416 0.047196 0.989527 0.000000 0.000000 0.000000 0.000000 1.000000
0.990571 -0.002502 0.136974 -0.000000 0.008948 0.998880 -0.046465 14.380200 -0.136705 0.047253 0.989484 -0.000000 0.000000 0.000000 0.000000 1.000000
0.990557 -0.002784 0.137076 0.000000 0.009234 0.998878 -0.046446 14.380200 -0.136793 0.047273 0.989471 0.000000 0.000000 0.000000 0.000000 1.000000
0.990571 -0.003022 0.136967 0.000000 0.009450 0.998883 -0.046305 14.380200 -0.136674 0.047163 0.989493 -0.000000 0.000000 0.000000 0.000000 1.000000
0.990597 -0.003150 0.136777 0.000000 0.009539 0.998892 -0.046079 14.380200 -0.136480 0.046951 0.989530 0.000000 0.000000 0.000000 0.000000 1.000000
0.990602 -0.003213 0.136739 -0.000000 0.009563 0.998905 -0.045805 14.380200 -0.136442 0.046682 0.989547 0.000000 0.000000 0.000000 0.000000 1.000000
0.990579 -0.003354 0.136902 0.000000 0.009672 0.998917 -0.045510 14.380200 -0.136601 0.046405 0.989539 -0.000000 0.000000 0.000000 0.000000 1.000000
0.990555 -0.003576 0.137068 -0.000000 0.009876 0.998924 -0.045306 14.380200 -0.136759 0.046231 0.989525 0.000000 0.000000 0.000000 0.000000 1.000000
0.990543 -0.003752 0.137149 0.000000 0.010046 0.998926 -0.045223 14.380200 -0.136833 0.046173 0.989518 -0.000000 0.000000 0.000000 0.000000 1.000000
0.990533 -0.003788 0.137223 0.000000 0.010076 0.998929 -0.045157 14.380200 -0.136905 0.046112 0.989510 -0.000000 0.000000 0.000000 0.000000 1.000000
0.990531 -0.003833 0.137239 0.000000 0.010110 0.998933 -0.045067 14.380200 -0.136920 0.046028 0.989512 -0.000000 0.000000 0.000000 0.000000 1.000000
0.990547 -0.004049 0.137116 0.000000 0.010314 0.998933 -0.045008 14.380200 -0.136788 0.045997 0.989532 0.000000 0.000000 0.000000 0.000000 1.000000
0.990561 -0.004245 0.137006 -0.000000 0.010509 0.998930 -0.045033 14.380200 -0.136668 0.046048 0.989546 0.000000 0.000000 0.000000 0.000000 1.000000
0.990560 -0.004228 0.137017 -0.000000 0.010508 0.998925 -0.045140 14.380200 -0.136679 0.046154 0.989540 -0.000000 0.000000 0.000000 0.000000 1.000000
0.990557 -0.004174 0.137039 -0.000000 0.010481 0.998917 -0.045335 14.380200 -0.136701 0.046343 0.989528 0.000000 0.000000 0.000000 0.000000 1.000000
0.990561 -0.004190 0.137011 -0.000000 0.010552 0.998897 -0.045744 14.380200 -0.136668 0.046758 0.989513 0.000000 0.000000 0.000000 0.000000 1.000000
0.990555 -0.004079 0.137052 -0.000000 0.010530 0.998869 -0.046376 14.380200 -0.136708 0.047381 0.989478 0.000000 0.000000 0.000000 0.000000 1.000000
0.990542 -0.003814 0.137156 0.000000 0.010345 0.998844 -0.046934 14.380200 -0.136818 0.047909 0.989437 0.000000 0.000000 0.000000 0.000000 1.000000
0.990540 -0.003632 0.137173 0.000000 0.010209 0.998830 -0.047274 14.380200 -0.136841 0.048227 0.989418 0.000000 0.000000 0.000000 0.000000 1.000000</float_array><technique_common><accessor source="#mixamorig_Spine2-Matrix-animation-output-transform-array" count="41" stride="16"><param type="float4x4"/></accessor></technique_common></source><source id="mixamorig_Spine2-Interpolations"><Name_array id="mixamorig_Spine2-Interpolations-array" count="41">
 LINEAR LINEAR LINEAR LINEAR LINEAR LINEAR LINEAR LINEAR LINEAR LINEAR LINEAR
LINEAR LINEAR LINEAR LINEAR LINEAR LINEAR LINEAR LINEAR LINEAR LINEAR LINEAR LINEAR
LINEAR LINEAR LINEAR LINEAR LINEAR LINEAR LINEAR LINEAR LINEAR LINEAR LINEAR LINEAR
LINEAR LINEAR LINEAR LINEAR LINEAR LINEAR</Name_array><technique_common><accessor source="#mixamorig_Spine2-Interpolations-array" count="41"><param type="name"/></accessor></technique_common></source><sampler id="mixamorig_Spine2-Matrix-animation-transform"><input semantic="INPUT" source="#mixamorig_Spine2-Matrix-animation-input"/><input semantic="OUTPUT" source="#mixamorig_Spine2-Matrix-animation-output-transform"/><input semantic="INTERPOLATION" source="#mixamorig_Spine2-Interpolations"/></sampler><channel source="#mixamorig_Spine2-Matrix-animation-transform" target="mixamorig_Spine2/matrix"/></animation>
    <animation id="mixamorig_Neck-anim" name="mixamorig_Neck"><source id="mixamorig_Neck-Matrix-animation-input"><float_array id="mixamorig_Neck-Matrix-animation-input-array" count="41">

0.000000 0.033333 0.066667 0.100000 0.133333 0.166667 0.200000 0.233333 0.266667 0.300000 0.333333 0.366667 0.400000 0.433333 0.466667 0.500000
0.533333 0.566667 0.600000 0.633333 0.666667 0.700000 0.733333 0.766667 0.800000 0.833333 0.866667 0.900000 0.933333 0.966667 1.000000 1.033333
1.066667 1.100000 1.133333 1.166667 1.200000 1.233333 1.266667 1.300000 1.333333</float_array><technique_common><accessor source="#mixamorig_Neck-Matrix-animation-input-array" count="41"><param name="TIME" type="float"/></accessor></technique_common></source><source id="mixamorig_Neck-Matrix-animation-output-transform"><float_array id="mixamorig_Neck-Matrix-animation-output-transform-array" count="656">

0.989933 0.076751 0.118922 0.000000 -0.037067 0.951468 -0.305509 16.177799 -0.136599 0.298025 0.944734 0.000000 0.000000 0.000000 0.000000 1.000000
0.989968 0.076573 0.118746 -0.000000 -0.037036 0.951659 -0.304915 16.177799 -0.136354 0.297458 0.944948 0.000000 0.000000 0.000000 0.000000 1.000000
0.990006 0.076523 0.118461 -0.000000 -0.037161 0.951847 -0.304313 16.177799 -0.136043 0.296870 0.945178 -0.000000 0.000000 0.000000 0.000000 1.000000
0.990041 0.076458 0.118209 -0.000000 -0.037246 0.952004 -0.303811 16.177799 -0.135764 0.296383 0.945370 0.000000 0.000000 0.000000 0.000000 1.000000
0.990039 0.076494 0.118200 0.000000 -0.037378 0.952209 -0.303151 16.177799 -0.135740 0.295714 0.945583 0.000000 0.000000 0.000000 0.000000 1.000000
0.990024 0.076608 0.118254 0.000000 -0.037592 0.952468 -0.302309 16.177799 -0.135793 0.294848 0.945846 0.000000 0.000000 0.000000 0.000000 1.000000
0.990022 0.076690 0.118212 0.000000 -0.037771 0.952652 -0.301708 16.177799 -0.135753 0.294233 0.946043 0.000000 0.000000 0.000000 0.000000 1.000000
0.990013 0.076665 0.118304 0.000000 -0.037746 0.952714 -0.301515 16.177799 -0.135826 0.294038 0.946093 0.000000 0.000000 0.000000 0.000000 1.000000
0.989986 0.076472 0.118661 0.000000 -0.037474 0.952769 -0.301374 16.177799 -0.136103 0.293910 0.946094 0.000000 0.000000 0.000000 0.000000 1.000000
0.989947 0.076208 0.119157 -0.000000 -0.037136 0.952923 -0.300930 16.177799 -0.136480 0.293479 0.946173 0.000000 0.000000 0.000000 0.000000 1.000000
0.989910 0.076069 0.119549 0.000000 -0.036979 0.953135 -0.300277 16.177799 -0.136788 0.292827 0.946331 -0.000000 0.000000 0.000000 0.000000 1.000000
0.989891 0.076036 0.119723 0.000000 -0.036977 0.953313 -0.299710 16.177799 -0.136922 0.292253 0.946488 0.000000 0.000000 0.000000 0.000000 1.000000
0.989887 0.075964 0.119803 0.000000 -0.036942 0.953440 -0.299313 16.177799 -0.136962 0.291861 0.946604 0.000000 0.000000 0.000000 0.000000 1.000000
0.989887 0.075856 0.119871 -0.000000 -0.036846 0.953504 -0.299119 16.177799 -0.136988 0.291678 0.946657 -0.000000 0.000000 0.000000 0.000000 1.000000
0.989891 0.075804 0.119877 -0.000000 -0.036790 0.953499 -0.299142 16.177799 -0.136978 0.291708 0.946649 -0.000000 0.000000 0.000000 0.000000 1.000000
0.989900 0.075825 0.119783 -0.000000 -0.036822 0.953460 -0.299262 16.177799 -0.136900 0.291829 0.946623 0.000000 0.000000 0.000000 0.000000 1.000000
0.989910 0.075830 0.119700 -0.000000 -0.036833 0.953420 -0.299390 16.177799 -0.136827 0.291961 0.946593 -0.000000 0.000000 0.000000 0.000000 1.000000
0.989923 0.075733 0.119655 0.000000 -0.036724 0.953362 -0.299586 16.177799 -0.136763 0.292172 0.946536 0.000000 0.000000 0.000000 0.000000 1.000000
0.989950 0.075585 0.119525 -0.000000 -0.036572 0.953263 -0.299921 16.177799 -0.136608 0.292536 0.946446 -0.000000 0.000000 0.000000 0.000000 1.000000
0.989986 0.075465 0.119297 -0.000000 -0.036461 0.953128 -0.300361 16.177799 -0.136373 0.293003 0.946336 0.000000 0.000000 0.000000 0.000000 1.000000
0.990011 0.075400 0.119133 -0.000000 -0.036380 0.952986 -0.300823 16.177799 -0.136214 0.293484 0.946210 0.000000 0.000000 0.000000 0.000000 1.000000
0.990025 0.075320 0.119066 0.000000 -0.036249 0.952827 -0.301343 16.177799 -0.136146 0.294021 0.946053 0.000000 0.000000 0.000000 0.000000 1.000000
0.990049 0.075222 0.118930 -0.000000 -0.036099 0.952621 -0.302011 16.177799 -0.136013 0.294712 0.945857 0.000000 0.000000 0.000000 0.000000 1.000000
0.990070 0.075253 0.118733 0.000000 -0.036088 0.952401 -0.302705 16.177799 -0.135861 0.295415 0.945660 -0.000000 0.000000 0.000000 0.000000 1.000000
0.990059 0.075491 0.118675 -0.000000 -0.036245 0.952197 -0.303326 16.177799 -0.135900 0.296009 0.945468 -0.000000 0.000000 0.000000 0.000000 1.000000
0.990040 0.075705 0.118700 0.000000 -0.036346 0.951976 -0.304009 16.177799 -0.136014 0.296667 0.945246 0.000000 0.000000 0.000000 0.000000 1.000000
0.990048 0.075619 0.118685 -0.000000 -0.036165 0.951755 -0.304720 16.177799 -0.136002 0.297395 0.945018 -0.000000 0.000000 0.000000 0.000000 1.000000
0.990064 0.075487 0.118639 -0.000000 -0.035966 0.951571 -0.305317 16.177799 -0.135941 0.298016 0.944831 -0.000000 0.000000 0.000000 0.000000 1.000000
0.990045 0.075713 0.118654 0.000000 -0.036097 0.951382 -0.305890 16.177799 -0.136045 0.298562 0.944644 0.000000 0.000000 0.000000 0.000000 1.000000
0.990007 0.076096 0.118723 0.000000 -0.036355 0.951175 -0.306504 16.177799 -0.136250 0.299125 0.944437 0.000000 0.000000 0.000000 0.000000 1.000000
0.989985 0.076351 0.118744 -0.000000 -0.036512 0.950987 -0.307069 16.177799 -0.136369 0.299658 0.944250 -0.000000 0.000000 0.000000 0.000000 1.000000
0.989976 0.076479 0.118734 -0.000000 -0.036568 0.950827 -0.307557 16.177799 -0.136417 0.300132 0.944093 -0.000000 0.000000 0.000000 0.000000 1.000000
0.989960 0.076621 0.118781 -0.000000 -0.036629 0.950690 -0.307972 16.177799 -0.136521 0.300529 0.943951 -0.000000 0.000000 0.000000 0.000000 1.000000
0.989932 0.076828 0.118876 0.000000 -0.036754 0.950584 -0.308284 16.177799 -0.136687 0.300811 0.943838 0.000000 0.000000 0.000000 0.000000 1.000000
0.989912 0.076949 0.118967 -0.000000 -0.036828 0.950548 -0.308387 16.177799 -0.136814 0.300895 0.943792 -0.000000 0.000000 0.000000 0.000000 1.000000
0.989907 0.076918 0.119028 -0.000000 -0.036807 0.950609 -0.308200 16.177799 -0.136855 0.300708 0.943846 0.000000 0.000000 0.000000 0.000000 1.000000
0.989904 0.076984 0.119012 0.000000 -0.036941 0.950753 -0.307739 16.177799 -0.136842 0.300236 0.943998 -0.000000 0.000000 0.000000 0.000000 1.000000
0.989890 0.077256 0.118949 -0.000000 -0.037314 0.950945 -0.307100 16.177799 -0.136840 0.299557 0.944214 -0.000000 0.000000 0.000000 0.000000 1.000000
0.989882 0.077405 0.118917 0.000000 -0.037550 0.951120 -0.306529 16.177799 -0.136831 0.298963 0.944404 -0.000000 0.000000 0.000000 0.000000 1.000000
0.989899 0.077174 0.118925 0.000000 -0.037387 0.951264 -0.306103 16.177799 -0.136753 0.298565 0.944541 0.000000 0.000000 0.000000 0.000000 1.000000
