<?xml version="1.0" encoding="utf-8"?>
<COLLADA xmlns="http://www.collada.org/2005/11/COLLADASchema" version="1.4.1">
  <asset><contributor><author>Mixamo</author><authoring_tool>COLLADA Mixamo exporter</authoring_tool><comments></comments></contributor><created>2020-06-21T20:42:19Z</created><modified>2020-06-21T20:42:19Z</modified><revision></revision><title></title><unit meter="0.010000"/><up_axis>Y_UP</up_axis></asset>
  <library_animations>
    <animation id="mixamorig_Hips-anim" name="mixamorig_Hips"><source id="mixamorig_Hips-Matrix-animation-input"><float_array id="mixamorig_Hips-Matrix-animation-input-array" count="36">

0.000000 0.033333 0.066667 0.100000 0.133333 0.166667 0.200000 0.233333 0.266667 0.300000 0.333333 0.366667 0.400000 0.433333 0.466667 0.500000
0.533333 0.566667 0.600000 0.633333 0.666667 0.700000 0.733333 0.766667 0.800000 0.833333 0.866667 0.900000 0.933333 0.966667 1.000000 1.033333
1.066667 1.100000 1.133333 1.166667</float_array><technique_common><accessor source="#mixamorig_Hips-Matrix-animation-input-array" count="36"><param name="TIME" type="float"/></accessor></technique_common></source><source id="mixamorig_Hips-Matrix-animation-output-transform"><float_array id="mixamorig_Hips-Matrix-animation-output-transform-array" count="576">

0.887635 0.046282 -0.458217 -0.096530 0.053804 0.977704 0.202979 84.729393 0.457395 -0.204825 0.865354 -0.276549 0.000000 0.000000 0.000000 1.000000
0.887805 0.046445 -0.457870 -0.102040 0.053532 0.977720 0.202974 84.731293 0.457095 -0.204712 0.865538 -0.271044 0.000000 0.000000 0.000000 1.000000
0.888039 0.046475 -0.457414 -0.107282 0.053408 0.977715 0.203028 84.731934 0.456656 -0.204726 0.865767 -0.269557 0.000000 0.000000 0.000000 1.000000
0.888231 0.046423 -0.457046 -0.109852 0.053360 0.977722 0.203009 84.732368 0.456288 -0.204707 0.865965 -0.274474 0.000000 0.000000 0.000000 1.000000
0.888292 0.046252 -0.456945 -0.108864 0.053332 0.977798 0.202650 84.736160 0.456173 -0.204382 0.866103 -0.286955 0.000000 0.000000 0.000000 1.000000
0.888195 0.045665 -0.457191 -0.107003 0.053682 0.977920 0.201965 84.748268 0.456319 -0.203928 0.866133 -0.301490 0.000000 0.000000 0.000000 1.000000
0.887912 0.044333 -0.457872 -0.107246 0.055268 0.977855 0.201856 84.770203 0.456681 -0.204536 0.865799 -0.301853 0.000000 0.000000 0.000000 1.000000
0.887098 0.042621 -0.459608 -0.108401 0.058705 0.977224 0.203931 84.791275 0.457832 -0.207888 0.864391 -0.260465 0.000000 0.000000 0.000000 1.000000
0.885007 0.041944 -0.463684 -0.109158 0.063256 0.975866 0.209009 84.790459 0.461260 -0.214306 0.860995 -0.143414 0.000000 0.000000 0.000000 1.000000
0.881461 0.043219 -0.470275 -0.116686 0.067377 0.974108 0.215810 84.753738 0.467426 -0.221913 0.855726 0.073384 0.000000 0.000000 0.000000 1.000000
0.877968 0.044898 -0.476609 -0.143068 0.070931 0.972402 0.222266 84.683807 0.473436 -0.228949 0.850553 0.368563 0.000000 0.000000 0.000000 1.000000
0.876564 0.044781 -0.479198 -0.191655 0.075246 0.970666 0.228352 84.583168 0.475367 -0.236223 0.847481 0.649135 0.000000 0.000000 0.000000 1.000000
0.877420 0.043383 -0.477758 -0.243026 0.080502 0.968465 0.235787 84.440964 0.472921 -0.245345 0.846258 0.791843 0.000000 0.000000 0.000000 1.000000
0.879232 0.042636 -0.474482 -0.269313 0.085259 0.965824 0.244775 84.254402 0.468702 -0.255668 0.845548 0.735818 0.000000 0.000000 0.000000 1.000000
0.881185 0.042514 -0.470857 -0.259033 0.088638 0.963432 0.252869 84.056000 0.464389 -0.264560 0.845193 0.513626 0.000000 0.000000 0.000000 1.000000
0.882837 0.042065 -0.467792 -0.226366 0.090386 0.962149 0.257099 83.902290 0.460901 -0.269258 0.845618 0.219543 0.000000 0.000000 0.000000 1.000000
0.883645 0.041921 -0.466277 -0.185045 0.089958 0.962218 0.256990 83.828590 0.459433 -0.269034 0.846488 -0.064869 0.000000 0.000000 0.000000 1.000000
0.883700 0.043049 -0.466070 -0.130949 0.087470 0.963030 0.254798 83.828873 0.459808 -0.265932 0.847264 -0.307251 0.000000 0.000000 0.000000 1.000000
0.883588 0.045094 -0.466089 -0.054000 0.083889 0.964006 0.252300 83.880478 0.460689 -0.262029 0.848001 -0.505795 0.000000 0.000000 0.000000 1.000000
0.883320 0.047229 -0.466385 0.044972 0.079764 0.965260 0.248820 83.964676 0.461934 -0.256988 0.848866 -0.656195 0.000000 0.000000 0.000000 1.000000
0.882398 0.049076 -0.467937 0.155469 0.075221 0.967038 0.243266 84.063278 0.464451 -0.249856 0.849621 -0.749843 0.000000 0.000000 0.000000 1.000000
0.880868 0.050540 -0.470655 0.268602 0.070687 0.969091 0.236360 84.157280 0.468054 -0.241471 0.850069 -0.787991 0.000000 0.000000 0.000000 1.000000
0.879519 0.051526 -0.473066 0.379868 0.066839 0.970889 0.230015 84.233719 0.471146 -0.233922 0.850471 -0.784080 0.000000 0.000000 0.000000 1.000000
0.879028 0.051837 -0.473944 0.481665 0.064223 0.972138 0.225440 84.289185 0.472425 -0.228606 0.851207 -0.755563 0.000000 0.000000 0.000000 1.000000
0.879408 0.051440 -0.473281 0.561020 0.062707 0.972968 0.222265 84.329285 0.471921 -0.225139 0.852410 -0.717587 0.000000 0.000000 0.000000 1.000000
0.880298 0.050567 -0.471719 0.605169 0.061647 0.973681 0.219418 84.365685 0.470400 -0.222233 0.854012 -0.675229 0.000000 0.000000 0.000000 1.000000
0.881410 0.049540 -0.469747 0.610447 0.060599 0.974408 0.216465 84.407310 0.468449 -0.219260 0.855851 -0.626748 0.000000 0.000000 0.000000 1.000000
0.882636 0.048704 -0.467527 0.585256 0.059398 0.975088 0.213716 84.455246 0.466289 -0.216404 0.857755 -0.573959 0.000000 0.000000 0.000000 1.000000
0.883804 0.048291 -0.465359 0.538005 0.057977 0.975688 0.211357 84.506866 0.464252 -0.213778 0.859517 -0.523430 0.000000 0.000000 0.000000 1.000000
0.884631 0.048187 -0.463794 0.471224 0.056483 0.976248 0.209163 84.559128 0.462857 -0.211229 0.860898 -0.478822 0.000000 0.000000 0.000000 1.000000
0.885090 0.047974 -0.462940 0.388730 0.055360 0.976760 0.207062 84.608109 0.462115 -0.208897 0.861865 -0.437693 0.000000 0.000000 0.000000 1.000000
0.885457 0.047488 -0.462289 0.297112 0.054812 0.977150 0.205361 84.650452 0.461478 -0.207177 0.862622 -0.398460 0.000000 0.000000 0.000000 1.000000
0.885973 0.046995 -0.461350 0.199696 0.054527 0.977394 0.204274 84.683189 0.460520 -0.206138 0.863382 -0.365287 0.000000 0.000000 0.000000 1.000000
0.886633 0.046665 -0.460114 0.098016 0.054251 0.977533 0.203682 84.705315 0.459282 -0.205553 0.864181 -0.339335 0.000000 0.000000 0.000000 1.000000
0.887238 0.046456 -0.458968 -0.002975 0.053974 0.977629 0.203293 84.719505 0.458144 -0.205142 0.864882 -0.312587 0.000000 0.000000 0.000000 1.000000
0.887635 0.046282 -0.458217 -0.096530 0.053804 0.977704 0.202979 84.729393 0.457395 -0.204825 0.865354 -0.276549 0.000000 0.000000 0.000000 1.000000</float_array><technique_common><accessor source="#mixamorig_Hips-Matrix-animation-output-transform-array" count="36" stride="16"><param type="float4x4"/></accessor></technique_common></source><source id="mixamorig_Hips-Interpolations"><Name_array id="mixamorig_Hips-Interpolations-array" count="36">
 LINEAR LINEAR LINEAR LINEAR LINEAR LINEAR LINEAR LINEAR LINEAR LINEAR LINEAR
LINEAR LINEAR LINEAR LINEAR LINEAR LINEAR LINEAR LINEAR LINEAR LINEAR LINEAR LINEAR
LINEAR LINEAR LINEAR LINEAR LINEAR LINEAR LINEAR LINEAR LINEAR LINEAR LINEAR LINEAR
LINEAR</Name_array><technique_common><accessor source="#mixamorig_Hips-Interpolations-array" count="36"><param type="name"/></accessor></technique_common></source><sampler id="mixamorig_Hips-Matrix-animation-transform"><input semantic="INPUT" source="#mixamorig_Hips-Matrix-animation-input"/><input semantic="OUTPUT" source="#mixamorig_Hips-Matrix-animation-output-transform"/><input semantic="INTERPOLATION" source="#mixamorig_Hips-Interpolations"/></sampler><channel source="#mixamorig_Hips-Matrix-animation-transform" target="mixamorig_Hips/matrix"/></animation>
    <animation id="mixamorig_Spine-anim" name="mixamorig_Spine"><source id="mixamorig_Spine-Matrix-animation-input"><float_array id="mixamorig_Spine-Matrix-animation-input-array" count="36">

0.000000 0.033333 0.066667 0.100000 0.133333 0.166667 0.200000 0.233333 0.266667 0.300000 0.333333 0.366667 0.400000 0.433333 0.466667 0.500000
0.533333 0.566667 0.600000 0.633333 0.666667 0.700000 0.733333 0.766667 0.800000 0.833333 0.866667 0.900000 0.933333 0.966667 1.000000 1.033333
1.066667 1.100000 1.133333 1.166667</float_array><technique_common><accessor source="#mixamorig_Spine-Matrix-animation-input-array" count="36"><param name="TIME" type="float"/></accessor></technique_common></source><source id="mixamorig_Spine-Matrix-animation-output-transform"><float_array id="mixamorig_Spine-Matrix-animation-output-transform-array" count="576">

0.999304 0.017571 0.032912 0.000000 -0.015347 0.997659 -0.066642 10.729900 -0.034006 0.066091 0.997234 -1.090300 0.000000 0.000000 0.000000 1.000000
0.999303 0.017584 0.032925 -0.000000 -0.015361 0.997662 -0.066593 10.729900 -0.034019 0.066041 0.997237 -1.090300 0.000000 0.000000 0.000000 1.000000
0.999304 0.017587 0.032891 0.000000 -0.015367 0.997663 -0.066577 10.729900 -0.033985 0.066025 0.997239 -1.090300 0.000000 0.000000 0.000000 1.000000
0.999307 0.017603 0.032810 0.000000 -0.015388 0.997662 -0.066580 10.729900 -0.033905 0.066029 0.997241 -1.090300 0.000000 0.000000 0.000000 1.000000
0.999307 0.017617 0.032784 -0.000000 -0.015405 0.997664 -0.066549 10.729900 -0.033880 0.065998 0.997244 -1.090300 0.000000 0.000000 0.000000 1.000000
0.999301 0.017594 0.032981 0.000000 -0.015372 0.997672 -0.066439 10.729900 -0.034073 0.065885 0.997245 -1.090300 0.000000 0.000000 0.000000 1.000000
0.999289 0.017566 0.033346 0.000000 -0.015326 0.997683 -0.066281 10.729900 -0.034433 0.065723 0.997244 -1.090300 0.000000 0.000000 0.000000 1.000000
0.999286 0.017664 0.033386 0.000000 -0.015427 0.997694 -0.066093 10.729900 -0.034476 0.065531 0.997255 -1.090300 0.000000 0.000000 0.000000 1.000000
0.999306 0.017869 0.032669 0.000000 -0.015698 0.997727 -0.065531 10.729900 -0.033766 0.064973 0.997316 -1.090300 0.000000 0.000000 0.000000 1.000000
0.999349 0.017645 0.031461 -0.000000 -0.015609 0.997839 -0.063829 10.729900 -0.032520 0.063296 0.997465 -1.090300 0.000000 0.000000 0.000000 1.000000
0.999414 0.016250 0.030126 -0.000000 -0.014399 0.998053 -0.060681 10.729900 -0.031053 0.060212 0.997702 -1.090300 0.000000 0.000000 0.000000 1.000000
0.999501 0.013801 0.028425 -0.000000 -0.012157 0.998289 -0.057202 10.729900 -0.029166 0.056828 0.997958 -1.090300 0.000000 0.000000 0.000000 1.000000
0.999587 0.011497 0.026352 0.000000 -0.010029 0.998428 -0.055148 10.729900 -0.026945 0.054861 0.998130 -1.090300 0.000000 0.000000 0.000000 1.000000
0.999641 0.010418 0.024686 0.000000 -0.009041 0.998432 -0.055243 10.729900 -0.025223 0.055000 0.998168 -1.090300 0.000000 0.000000 0.000000 1.000000
0.999654 0.010628 0.024060 -0.000000 -0.009246 0.998342 -0.056816 10.729900 -0.024624 0.056574 0.998095 -1.090300 0.000000 0.000000 0.000000 1.000000
0.999639 0.011572 0.024231 0.000000 -0.010133 0.998225 -0.058684 10.729900 -0.024867 0.058418 0.997982 -1.090300 0.000000 0.000000 0.000000 1.000000
0.999614 0.012780 0.024670 -0.000000 -0.011278 0.998127 -0.060123 10.729900 -0.025392 0.059822 0.997886 -1.090300 0.000000 0.000000 0.000000 1.000000
0.999584 0.014103 0.025155 0.000000 -0.012540 0.998045 -0.061228 10.729900 -0.025969 0.060887 0.997807 -1.090300 0.000000 0.000000 0.000000 1.000000
0.999551 0.015472 0.025642 0.000000 -0.013848 0.997958 -0.062352 10.729900 -0.026554 0.061969 0.997725 -1.090300 0.000000 0.000000 0.000000 1.000000
0.999520 0.016646 0.026115 0.000000 -0.014961 0.997874 -0.063427 10.729900 -0.027116 0.063006 0.997645 -1.090300 0.000000 0.000000 0.000000 1.000000
0.999494 0.017372 0.026658 0.000000 -0.015632 0.997818 -0.064151 10.729900 -0.027714 0.063702 0.997584 -1.090300 0.000000 0.000000 0.000000 1.000000
0.999469 0.017627 0.027392 -0.000000 -0.015829 0.997792 -0.064505 10.729900 -0.028469 0.064037 0.997541 -1.090300 0.000000 0.000000 0.000000 1.000000
0.999444 0.017568 0.028323 0.000000 -0.015704 0.997778 -0.064756 10.729900 -0.029398 0.064275 0.997499 -1.090300 0.000000 0.000000 0.000000 1.000000
0.999419 0.017393 0.029320 -0.000000 -0.015454 0.997759 -0.065106 10.729900 -0.030386 0.064615 0.997448 -1.090300 0.000000 0.000000 0.000000 1.000000
0.999395 0.017204 0.030219 0.000000 -0.015194 0.997736 -0.065510 10.729900 -0.031277 0.065011 0.997394 -1.090300 0.000000 0.000000 0.000000 1.000000
0.999377 0.017030 0.030906 0.000000 -0.014966 0.997719 -0.065825 10.729900 -0.031957 0.065321 0.997352 -1.090300 0.000000 0.000000 0.000000 1.000000
0.999365 0.016938 0.031348 0.000000 -0.014839 0.997708 -0.066025 10.729900 -0.032394 0.065518 0.997325 -1.090300 0.000000 0.000000 0.000000 1.000000
0.999357 0.016973 0.031576 0.000000 -0.014853 0.997696 -0.066193 10.729900 -0.032627 0.065681 0.997307 -1.090300 0.000000 0.000000 0.000000 1.000000
0.999351 0.017065 0.031722 0.000000 -0.014930 0.997684 -0.066355 10.729900 -0.032781 0.065838 0.997292 -1.090300 0.000000 0.000000 0.000000 1.000000
0.999343 0.017123 0.031950 -0.000000 -0.014970 0.997679 -0.066434 10.729900 -0.033014 0.065912 0.997279 -1.090300 0.000000 0.000000 0.000000 1.000000
0.999331 0.017163 0.032292 0.000000 -0.014989 0.997680 -0.066402 10.729900 -0.033356 0.065873 0.997270 -1.090300 0.000000 0.000000 0.000000 1.000000
0.999319 0.017234 0.032619 0.000000 -0.015039 0.997683 -0.066356 10.729900 -0.033687 0.065820 0.997263 -1.090300 0.000000 0.000000 0.000000 1.000000
0.999311 0.017332 0.032809 0.000000 -0.015124 0.997678 -0.066400 10.729900 -0.033884 0.065859 0.997254 -1.090300 0.000000 0.000000 0.000000 1.000000
0.999308 0.017443 0.032855 0.000000 -0.015227 0.997668 -0.066526 10.729900 -0.033939 0.065980 0.997244 -1.090300 0.000000 0.000000 0.000000 1.000000
0.999306 0.017532 0.032858 0.000000 -0.015312 0.997660 -0.066630 10.729900 -0.033950 0.066081 0.997237 -1.090300 0.000000 0.000000 0.000000 1.000000
0.999304 0.017571 0.032912 0.000000 -0.015347 0.997659 -0.066642 10.729900 -0.034006 0.066091 0.997234 -1.090300 0.000000 0.000000 0.000000 1.000000</float_array><technique_common><accessor source="#mixamorig_Spine-Matrix-animation-output-transform-array" count="36" stride="16"><param type="float4x4"/></accessor></technique_common></source><source id="mixamorig_Spine-Interpolations"><Name_array id="mixamorig_Spine-Interpolations-array" count="36">
 LINEAR LINEAR LINEAR LINEAR LINEAR LINEAR LINEAR LINEAR LINEAR LINEAR LINEAR
LINEAR LINEAR LINEAR LINEAR LINEAR LINEAR LINEAR LINEAR LINEAR LINEAR LINEAR LINEAR
LINEAR LINEAR LINEAR LINEAR LINEAR LINEAR LINEAR LINEAR LINEAR LINEAR LINEAR LINEAR
LINEAR</Name_array><technique_common><accessor source="#mixamorig_Spine-Interpolations-array" count="36"><param type="name"/></accessor></technique_common></source><sampler id="mixamorig_Spine-Matrix-animation-transform"><input semantic="INPUT" source="#mixamorig_Spine-Matrix-animation-input"/><input semantic="OUTPUT" source="#mixamorig_Spine-Matrix-animation-output-transform"/><input semantic="INTERPOLATION" source="#mixamorig_Spine-Interpolations"/></sampler><channel source="#mixamorig_Spine-Matrix-animation-transform" target="mixamorig_Spine/matrix"/></animation>
    <animation id="mixamorig_Spine1-anim" name="mixamorig_Spine1"><source id="mixamorig_Spine1-Matrix-animation-input"><float_array id="mixamorig_Spine1-Matrix-animation-input-array" count="36">

0.000000 0.033333 0.066667 0.100000 0.133333 0.166667 0.200000 0.233333 0.266667 0.300000 0.333333 0.366667 0.400000 0.433333 0.466667 0.500000
0.533333 0.566667 0.600000 0.633333 0.666667 0.700000 0.733333 0.766667 0.800000 0.833333 0.866667 0.900000 0.933333 0.966667 1.000000 1.033333
1.066667 1.100000 1.133333 1.166667</float_array><technique_common><accessor source="#mixamorig_Spine1-Matrix-animation-input-array" count="36"><param name="TIME" type="float"/></accessor></technique_common></source><source id="mixamorig_Spine1-Matrix-animation-output-transform"><float_array id="mixamorig_Spine1-Matrix-animation-output-transform-array" count="576">

0.996838 0.045240 0.065327 0.000000 -0.021206 0.943752 -0.329975 12.582700 -0.076580 0.327546 0.941727 0.000000 0.000000 0.000000 0.000000 1.000000
0.996834 0.045282 0.065355 0.000000 -0.021244 0.943783 -0.329883 12.582700 -0.076618 0.327450 0.941757 -0.000000 0.000000 0.000000 0.000000 1.000000
0.996838 0.045291 0.065292 0.000000 -0.021276 0.943793 -0.329853 12.582700 -0.076561 0.327420 0.941772 0.000000 0.000000 0.000000 0.000000 1.000000
0.996847 0.045319 0.065130 0.000000 -0.021355 0.943789 -0.329859 12.582700 -0.076418 0.327429 0.941781 0.000000 0.000000 0.000000 0.000000 1.000000
0.996849 0.045357 0.065074 -0.000000 -0.021414 0.943807 -0.329802 12.582700 -0.076376 0.327369 0.941805 0.000000 0.000000 0.000000 0.000000 1.000000
0.996824 0.045346 0.065460 0.000000 -0.021294 0.943883 -0.329592 12.582700 -0.076733 0.327152 0.941851 0.000000 0.000000 0.000000 0.000000 1.000000
0.996780 0.045282 0.066182 0.000000 -0.021021 0.943994 -0.329292 12.582700 -0.077387 0.326840 0.941906 0.000000 0.000000 0.000000 0.000000 1.000000
0.996775 0.045273 0.066251 -0.000000 -0.021019 0.944120 -0.328932 12.582700 -0.077441 0.326479 0.942027 0.000000 0.000000 0.000000 0.000000 1.000000
0.996873 0.045194 0.064825 0.000000 -0.021499 0.944481 -0.327862 12.582700 -0.076043 0.325443 0.942499 0.000000 0.000000 0.000000 0.000000 1.000000
0.997070 0.044057 0.062531 -0.000000 -0.021424 0.945603 -0.324617 12.582700 -0.073431 0.322326 0.943776 -0.000000 0.000000 0.000000 0.000000 1.000000
0.997364 0.040484 0.060215 0.000000 -0.019233 0.947697 -0.318591 12.582700 -0.069963 0.316593 0.945978 0.000000 0.000000 0.000000 0.000000 1.000000
0.997750 0.034722 0.057352 0.000000 -0.015133 0.949996 -0.311895 12.582700 -0.065314 0.310325 0.948384 -0.000000 0.000000 0.000000 0.000000 1.000000
0.998129 0.029274 0.053687 0.000000 -0.011340 0.951346 -0.307916 12.582700 -0.060089 0.306731 0.949898 0.000000 0.000000 0.000000 0.000000 1.000000
0.998366 0.026521 0.050607 0.000000 -0.009656 0.951316 -0.308066 12.582700 -0.056314 0.307074 0.950018 -0.000000 0.000000 0.000000 0.000000 1.000000
0.998424 0.026705 0.049357 0.000000 -0.010041 0.950336 -0.311064 12.582700 -0.055213 0.310078 0.949107 0.000000 0.000000 0.000000 0.000000 1.000000
0.998361 0.028643 0.049540 0.000000 -0.011618 0.949140 -0.314639 12.582700 -0.056033 0.313547 0.947918 0.000000 0.000000 0.000000 0.000000 1.000000
0.998249 0.031303 0.050190 0.000000 -0.013775 0.948190 -0.317404 12.582700 -0.057526 0.316157 0.946961 0.000000 0.000000 0.000000 0.000000 1.000000
0.998114 0.034320 0.050899 -0.000000 -0.016283 0.947433 -0.319540 12.582700 -0.059190 0.318108 0.946205 -0.000000 0.000000 0.000000 0.000000 1.000000
0.997964 0.037494 0.051591 0.000000 -0.018935 0.946647 -0.321716 12.582700 -0.060901 0.320084 0.945430 -0.000000 0.000000 0.000000 0.000000 1.000000
0.997819 0.040310 0.052281 0.000000 -0.021247 0.945889 -0.323795 12.582700 -0.062504 0.321978 0.944682 0.000000 0.000000 0.000000 0.000000 1.000000
0.997691 0.042252 0.053167 0.000000 -0.022707 0.945373 -0.325198 12.582700 -0.064002 0.323240 0.944150 0.000000 0.000000 0.000000 0.000000 1.000000
0.997576 0.043244 0.054509 0.000000 -0.023163 0.945125 -0.325887 12.582700 -0.065610 0.323835 0.943836 0.000000 0.000000 0.000000 0.000000 1.000000
0.997463 0.043562 0.056300 -0.000000 -0.022848 0.944966 -0.326371 12.582700 -0.067419 0.324256 0.943564 0.000000 0.000000 0.000000 0.000000 1.000000
0.997351 0.043561 0.058261 -0.000000 -0.022160 0.944752 -0.327036 12.582700 -0.069288 0.324878 0.943214 -0.000000 0.000000 0.000000 0.000000 1.000000
0.997250 0.043439 0.060052 0.000000 -0.021402 0.944505 -0.327799 12.582700 -0.070958 0.325613 0.942837 -0.000000 0.000000 0.000000 0.000000 1.000000
0.997172 0.043283 0.061434 0.000000 -0.020757 0.944313 -0.328393 12.582700 -0.072227 0.326189 0.942541 0.000000 0.000000 0.000000 0.000000 1.000000
0.997119 0.043251 0.062319 -0.000000 -0.020407 0.944189 -0.328771 12.582700 -0.073061 0.326552 0.942351 -0.000000 0.000000 0.000000 0.000000 1.000000
0.997082 0.043442 0.062765 0.000000 -0.020417 0.944077 -0.329093 12.582700 -0.073551 0.326851 0.942209 0.000000 0.000000 0.000000 0.000000 1.000000
0.997052 0.043742 0.063036 -0.000000 -0.020588 0.943964 -0.329405 12.582700 -0.073913 0.327136 0.942082 0.000000 0.000000 0.000000 0.000000 1.000000
0.997013 0.043991 0.063476 0.000000 -0.020666 0.943909 -0.329559 12.582700 -0.074413 0.327263 0.941999 0.000000 0.000000 0.000000 0.000000 1.000000
0.996962 0.044200 0.064141 0.000000 -0.020650 0.943929 -0.329503 12.582700 -0.075109 0.327177 0.941973 0.000000 0.000000 0.000000 0.000000 1.000000
0.996910 0.044436 0.064777 -0.000000 -0.020670 0.943957 -0.329421 12.582700 -0.075784 0.327064 0.941959 0.000000 0.000000 0.000000 0.000000 1.000000
0.996875 0.044689 0.065139 0.000000 -0.020784 0.943924 -0.329508 12.582700 -0.076212 0.327125 0.941903 0.000000 0.000000 0.000000 0.000000 1.000000
0.996858 0.044943 0.065217 -0.000000 -0.020980 0.943835 -0.329750 12.582700 -0.076374 0.327346 0.941813 0.000000 0.000000 0.000000 0.000000 1.000000
0.996849 0.045145 0.065216 0.000000 -0.021154 0.943761 -0.329950 12.582700 -0.076444 0.327531 0.941743 0.000000 0.000000 0.000000 0.000000 1.000000
0.996838 0.045240 0.065327 0.000000 -0.021206 0.943752 -0.329975 12.582700 -0.076580 0.327546 0.941727 0.000000 0.000000 0.000000 0.000000 1.000000</float_array><technique_common><accessor source="#mixamorig_Spine1-Matrix-animation-output-transform-array" count="36" stride="16"><param type="float4x4"/></accessor></technique_common></source><source id="mixamorig_Spine1-Interpolations"><Name_array id="mixamorig_Spine1-Interpolations-array" count="36">
 LINEAR LINEAR LINEAR LINEAR LINEAR LINEAR LINEAR LINEAR LINEAR LINEAR LINEAR
LINEAR LINEAR LINEAR LINEAR LINEAR LINEAR LINEAR LINEAR LINEAR LINEAR LINEAR LINEAR
LINEAR LINEAR LINEAR LINEAR LINEAR LINEAR LINEAR LINEAR LINEAR LINEAR LINEAR LINEAR
LINEAR</Name_array><technique_common><accessor source="#mixamorig_Spine1-Interpolations-array" count="36"><param type="name"/></accessor></technique_common></source><sampler id="mixamorig_Spine1-Matrix-animation-transform"><input semantic="INPUT" source="#mixamorig_Spine1-Matrix-animation-input"/><input semantic="OUTPUT" source="#mixamorig_Spine1-Matrix-animation-output-transform"/><input semantic="INTERPOLATION" source="#mixamorig_Spine1-Interpolations"/></sampler><channel source="#mixamorig_Spine1-Matrix-animation-transform" target="mixamorig_Spine1/matrix"/></animation>
    <animation id="mixamorig_Spine2-anim" name="mixamorig_Spine2"><source id="mixamorig_Spine2-Matrix-animation-input"><float_array id="mixamorig_Spine2-Matrix-animation-input-array" count="36">

0.000000 0.033333 0.066667 0.100000 0.133333 0.166667 0.200000 0.233333 0.266667 0.300000 0.333333 0.366667 0.400000 0.433333 0.466667 0.500000
0.533333 0.566667 0.600000 0.633333 0.666667 0.700000 0.733333 0.766667 0.800000 0.833333 0.866667 0.900000 0.933333 0.966667 1.000000 1.033333
1.066667 1.100000 1.133333 1.166667</float_array><technique_common><accessor source="#mixamorig_Spine2-Matrix-animation-input-array" count="36"><param name="TIME" type="float"/></accessor></technique_common></source><source id="mixamorig_Spine2-Matrix-animation-output-transform"><float_array id="mixamorig_Spine2-Matrix-animation-output-transform-array" count="576">

0.996838 0.045240 0.065326 -0.000000 -0.021206 0.943752 -0.329975 14.380200 -0.076580 0.327546 0.941727 0.000000 0.000000 0.000000 0.000000 1.000000
0.996834 0.045282 0.065355 0.000000 -0.021244 0.943783 -0.329883 14.380200 -0.076618 0.327450 0.941757 -0.000000 0.000000 0.000000 0.000000 1.000000
0.996838 0.045291 0.065292 -0.000000 -0.021276 0.943793 -0.329853 14.380200 -0.076561 0.327420 0.941772 0.000000 0.000000 0.000000 0.000000 1.000000
0.996847 0.045319 0.065130 0.000000 -0.021355 0.943788 -0.329859 14.380200 -0.076418 0.327429 0.941781 0.000000 0.000000 0.000000 0.000000 1.000000
0.996849 0.045357 0.065074 0.000000 -0.021415 0.943807 -0.329802 14.380200 -0.076376 0.327369 0.941805 0.000000 0.000000 0.000000 0.000000 1.000000
0.996824 0.045346 0.065461 0.000000 -0.021294 0.943883 -0.329592 14.380200 -0.076733 0.327152 0.941851 0.000000 0.000000 0.000000 0.000000 1.000000
0.996780 0.045282 0.066182 -0.000000 -0.021021 0.943994 -0.329291 14.380200 -0.077387 0.326840 0.941906 -0.000000 0.000000 0.000000 0.000000 1.000000
0.996775 0.045273 0.066251 0.000000 -0.021019 0.944120 -0.328932 14.380200 -0.077441 0.326479 0.942027 -0.000000 0.000000 0.000000 0.000000 1.000000
0.996873 0.045194 0.064825 0.000000 -0.021499 0.944481 -0.327862 14.380200 -0.076043 0.325443 0.942499 0.000000 0.000000 0.000000 0.000000 1.000000
0.997070 0.044057 0.062531 0.000000 -0.021424 0.945603 -0.324617 14.380200 -0.073431 0.322326 0.943776 0.000000 0.000000 0.000000 0.000000 1.000000
0.997364 0.040484 0.060215 0.000000 -0.019233 0.947697 -0.318591 14.380200 -0.069963 0.316593 0.945978 0.000000 0.000000 0.000000 0.000000 1.000000
0.997750 0.034722 0.057352 0.000000 -0.015133 0.949996 -0.311895 14.380200 -0.065314 0.310325 0.948384 -0.000000 0.000000 0.000000 0.000000 1.000000
0.998129 0.029274 0.053687 0.000000 -0.011340 0.951346 -0.307916 14.380200 -0.060089 0.306731 0.949898 -0.000000 0.000000 0.000000 0.000000 1.000000
0.998366 0.026521 0.050607 0.000000 -0.009656 0.951316 -0.308066 14.380200 -0.056314 0.307074 0.950018 0.000000 0.000000 0.000000 0.000000 1.000000
0.998424 0.026705 0.049357 0.000000 -0.010041 0.950336 -0.311064 14.380200 -0.055213 0.310078 0.949106 0.000000 0.000000 0.000000 0.000000 1.000000
0.998361 0.028643 0.049540 -0.000000 -0.011618 0.949140 -0.314639 14.380200 -0.056033 0.313548 0.947918 0.000000 0.000000 0.000000 0.000000 1.000000
0.998249 0.031303 0.050191 -0.000000 -0.013775 0.948190 -0.317404 14.380200 -0.057526 0.316156 0.946961 0.000000 0.000000 0.000000 0.000000 1.000000
0.998114 0.034320 0.050899 -0.000000 -0.016283 0.947433 -0.319540 14.380200 -0.059190 0.318108 0.946205 0.000000 0.000000 0.000000 0.000000 1.000000
0.997964 0.037494 0.051591 0.000000 -0.018935 0.946647 -0.321716 14.380200 -0.060901 0.320084 0.945430 0.000000 0.000000 0.000000 0.000000 1.000000
0.997819 0.040310 0.052280 0.000000 -0.021247 0.945889 -0.323795 14.380200 -0.062504 0.321978 0.944682 -0.000000 0.000000 0.000000 0.000000 1.000000
0.997691 0.042252 0.053166 0.000000 -0.022707 0.945373 -0.325198 14.380200 -0.064002 0.323240 0.944150 0.000000 0.000000 0.000000 0.000000 1.000000
0.997576 0.043244 0.054509 -0.000000 -0.023163 0.945125 -0.325887 14.380200 -0.065610 0.323835 0.943836 0.000000 0.000000 0.000000 0.000000 1.000000
0.997463 0.043562 0.056300 0.000000 -0.022848 0.944966 -0.326371 14.380200 -0.067420 0.324256 0.943564 0.000000 0.000000 0.000000 0.000000 1.000000
0.997351 0.043561 0.058261 0.000000 -0.022160 0.944752 -0.327035 14.380200 -0.069288 0.324878 0.943214 0.000000 0.000000 0.000000 0.000000 1.000000
0.997250 0.043439 0.060052 0.000000 -0.021402 0.944505 -0.327799 14.380200 -0.070958 0.325613 0.942837 0.000000 0.000000 0.000000 0.000000 1.000000
0.997172 0.043283 0.061434 -0.000000 -0.020757 0.944313 -0.328393 14.380200 -0.072227 0.326189 0.942541 0.000000 0.000000 0.000000 0.000000 1.000000
0.997119 0.043250 0.062319 0.000000 -0.020407 0.944189 -0.328771 14.380200 -0.073061 0.326552 0.942351 0.000000 0.000000 0.000000 0.000000 1.000000
0.997082 0.043442 0.062765 0.000000 -0.020417 0.944077 -0.329093 14.380200 -0.073551 0.326851 0.942209 0.000000 0.000000 0.000000 0.000000 1.000000
0.997052 0.043743 0.063036 -0.000000 -0.020588 0.943964 -0.329405 14.380200 -0.073913 0.327136 0.942082 0.000000 0.000000 0.000000 0.000000 1.000000
0.997013 0.043991 0.063476 0.000000 -0.020666 0.943909 -0.329559 14.380200 -0.074413 0.327263 0.941999 -0.000000 0.000000 0.000000 0.000000 1.000000
0.996962 0.044200 0.064141 0.000000 -0.020650 0.943929 -0.329503 14.380200 -0.075109 0.327177 0.941973 -0.000000 0.000000 0.000000 0.000000 1.000000
0.996910 0.044435 0.064777 -0.000000 -0.020670 0.943957 -0.329421 14.380200 -0.075784 0.327064 0.941959 0.000000 0.000000 0.000000 0.000000 1.000000
0.996875 0.044689 0.065139 -0.000000 -0.020784 0.943924 -0.329508 14.380200 -0.076211 0.327125 0.941903 -0.000000 0.000000 0.000000 0.000000 1.000000
0.996858 0.044943 0.065217 0.000000 -0.020980 0.943835 -0.329750 14.380200 -0.076375 0.327346 0.941813 0.000000 0.000000 0.000000 0.000000 1.000000
0.996849 0.045145 0.065216 -0.000000 -0.021154 0.943761 -0.329950 14.380200 -0.076444 0.327531 0.941743 0.000000 0.000000 0.000000 0.000000 1.000000
0.996838 0.045240 0.065326 -0.000000 -0.021206 0.943752 -0.329975 14.380200 -0.076580 0.327546 0.941727 0.000000 0.000000 0.000000 0.000000 1.000000</float_array><technique_common><accessor source="#mixamorig_Spine2-Matrix-animation-output-transform-array" count="36" stride="16"><param type="float4x4"/></accessor></technique_common></source><source id="mixamorig_Spine2-Interpolations"><Name_array id="mixamorig_Spine2-Interpolations-array" count="36">
 LINEAR LINEAR LINEAR LINEAR LINEAR LINEAR LINEAR LINEAR LINEAR LINEAR LINEAR
LINEAR LINEAR LINEAR LINEAR LINEAR LINEAR LINEAR LINEAR LINEAR LINEAR LINEAR LINEAR
LINEAR LINEAR LINEAR LINEAR LINEAR LINEAR LINEAR LINEAR LINEAR LINEAR LINEAR LINEAR
LINEAR</Name_array><technique_common><accessor source="#mixamorig_Spine2-Interpolations-array" count="36"><param type="name"/></accessor></technique_common></source><sampler id="mixamorig_Spine2-Matrix-animation-transform"><input semantic="INPUT" source="#mixamorig_Spine2-Matrix-animation-input"/><input semantic="OUTPUT" source="#mixamorig_Spine2-Matrix-animation-output-transform"/><input semantic="INTERPOLATION" source="#mixamorig_Spine2-Interpolations"/></sampler><channel source="#mixamorig_Spine2-Matrix-animation-transform" target="mixamorig_Spine2/matrix"/></animation>
    <animation id="mixamorig_Neck-anim" name="mixamorig_Neck"><source id="mixamorig_Neck-Matrix-animation-input"><float_array id="mixamorig_Neck-Matrix-animation-input-array" count="36">

0.000000 0.033333 0.066667 0.100000 0.133333 0.166667 0.200000 0.233333 0.266667 0.300000 0.333333 0.366667 0.400000 0.433333 0.466667 0.500000
0.533333 0.566667 0.600000 0.633333 0.666667 0.700000 0.733333 0.766667 0.800000 0.833333 0.866667 0.900000 0.933333 0.966667 1.000000 1.033333
1.066667 1.100000 1.133333 1.166667</float_array><technique_common><accessor source="#mixamorig_Neck-Matrix-animation-input-array" count="36"><param name="TIME" type="float"/></accessor></technique_common></source><source id="mixamorig_Neck-Matrix-animation-output-transform"><float_array id="mixamorig_Neck-Matrix-animation-output-transform-array" count="576">

0.995524 -0.000679 0.094502 -0.000000 -0.023661 0.966334 0.256199 16.177799 -0.091494 -0.257289 0.961993 0.000000 0.000000 0.000000 0.000000 1.000000
0.995515 -0.000070 0.094599 -0.000000 -0.024253 0.966389 0.255938 16.177799 -0.091437 -0.257084 0.962053 0.000000 0.000000 0.000000 0.000000 1.000000
0.995466 0.001148 0.095115 -0.000000 -0.025528 0.966471 0.255505 16.177799 -0.091633 -0.256774 0.962118 0.000000 0.000000 0.000000 0.000000 1.000000
0.995397 0.002436 0.095802 -0.000000 -0.026957 0.966429 0.255515 16.177799 -0.091963 -0.256922 0.962047 -0.000000 0.000000 0.000000 0.000000 1.000000
0.995363 0.003162 0.096138 0.000000 -0.027812 0.966230 0.256175 16.177799 -0.092082 -0.257661 0.961838 0.000000 0.000000 0.000000 0.000000 1.000000
0.995363 0.003442 0.096128 -0.000000 -0.028087 0.966207 0.256234 16.177799 -0.091998 -0.257746 0.961823 -0.000000 0.000000 0.000000 0.000000 1.000000
0.995314 0.004647 0.096582 -0.000000 -0.029138 0.966827 0.253765 16.177799 -0.092199 -0.255390 0.962432 0.000000 0.000000 0.000000 0.000000 1.000000
0.995168 0.007240 0.097922 -0.000000 -0.031596 0.967847 0.249549 16.177799 -0.092966 -0.251437 0.963399 0.000000 0.000000 0.000000 0.000000 1.000000
0.995093 0.006111 0.098754 -0.000000 -0.030599 0.968171 0.248413 16.177799 -0.094093 -0.250215 0.963607 0.000000 0.000000 0.000000 0.000000 1.000000
0.995267 -0.006935 0.096930 -0.000000 -0.017977 0.967095 0.253781 16.177799 -0.095501 -0.254322 0.962393 0.000000 0.000000 0.000000 0.000000 1.000000
0.995128 -0.032310 0.093148 -0.000000 0.006776 0.964957 0.262322 16.177799 -0.098359 -0.260413 0.960474 0.000000 0.000000 0.000000 0.000000 1.000000
0.993812 -0.062460 0.091847 0.000000 0.035507 0.962172 0.270120 16.177799 -0.105245 -0.265187 0.958436 -0.000000 0.000000 0.000000 0.000000 1.000000
0.991245 -0.091606 0.095088 0.000000 0.061732 0.958147 0.279541 16.177799 -0.116716 -0.271223 0.955414 0.000000 0.000000 0.000000 0.000000 1.000000
0.988337 -0.115939 0.098729 0.000000 0.082568 0.952759 0.292287 16.177799 -0.127952 -0.280727 0.951221 0.000000 0.000000 0.000000 0.000000 1.000000
0.986782 -0.128881 0.098237 0.000000 0.093690 0.948349 0.303077 16.177799 -0.132224 -0.289867 0.947889 -0.000000 0.000000 0.000000 0.000000 1.000000
0.987568 -0.125256 0.094972 0.000000 0.090931 0.948060 0.304817 16.177799 -0.128219 -0.292392 0.947664 -0.000000 0.000000 0.000000 0.000000 1.000000
0.989591 -0.109189 0.093741 -0.000000 0.077042 0.952151 0.295758 16.177799 -0.121549 -0.285458 0.950652 -0.000000 0.000000 0.000000 0.000000 1.000000
0.991143 -0.091405 0.096335 0.000000 0.061079 0.957915 0.280480 16.177799 -0.117918 -0.272112 0.955013 0.000000 0.000000 0.000000 0.000000 1.000000
0.991877 -0.078510 0.100079 -0.000000 0.049414 0.962822 0.265578 16.177799 -0.117208 -0.258475 0.958881 0.000000 0.000000 0.000000 0.000000 1.000000
0.992384 -0.069317 0.101832 -0.000000 0.041316 0.966067 0.254966 16.177799 -0.116050 -0.248817 0.961573 -0.000000 0.000000 0.000000 0.000000 1.000000
0.993025 -0.060693 0.101084 0.000000 0.033820 0.967932 0.248924 16.177799 -0.112950 -0.243769 0.963234 0.000000 0.000000 0.000000 0.000000 1.000000
0.993677 -0.052471 0.099259 0.000000 0.026593 0.968912 0.245970 16.177799 -0.109080 -0.241776 0.964182 0.000000 0.000000 0.000000 0.000000 1.000000
0.994130 -0.046128 0.097862 -0.000000 0.020931 0.969466 0.244333 16.177799 -0.106145 -0.240850 0.964741 0.000000 0.000000 0.000000 0.000000 1.000000
0.994369 -0.041841 0.097368 0.000000 0.017045 0.969943 0.242733 16.177799 -0.104598 -0.239707 0.965194 -0.000000 0.000000 0.000000 0.000000 1.000000
0.994534 -0.038094 0.097212 0.000000 0.013636 0.970480 0.240797 16.177799 -0.103516 -0.238155 0.965695 0.000000 0.000000 0.000000 0.000000 1.000000
0.994746 -0.033374 0.096783 0.000000 0.009335 0.971002 0.238889 16.177799 -0.101949 -0.236730 0.966212 0.000000 0.000000 0.000000 0.000000 1.000000
0.994960 -0.027785 0.096347 0.000000 0.004074 0.971252 0.238018 16.177799 -0.100190 -0.236425 0.966470 0.000000 0.000000 0.000000 0.000000 1.000000
0.995090 -0.022566 0.096369 0.000000 -0.001141 0.970982 0.239148 16.177799 -0.098969 -0.238084 0.966189 0.000000 0.000000 0.000000 0.000000 1.000000
0.995158 -0.018576 0.096515 0.000000 -0.005369 0.970237 0.242099 16.177799 -0.098139 -0.241445 0.965439 -0.000000 0.000000 0.000000 0.000000 1.000000
0.995235 -0.015696 0.096234 0.000000 -0.008470 0.969312 0.245689 16.177799 -0.097137 -0.245333 0.964560 0.000000 0.000000 0.000000 0.000000 1.000000
0.995338 -0.013147 0.095550 0.000000 -0.011115 0.968432 0.249030 16.177799 -0.095807 -0.248931 0.963771 -0.000000 0.000000 0.000000 0.000000 1.000000
0.995436 -0.010236 0.094885 0.000000 -0.014066 0.967638 0.251950 16.177799 -0.094394 -0.252135 0.963077 -0.000000 0.000000 0.000000 0.000000 1.000000
0.995493 -0.007238 0.094562 0.000000 -0.017133 0.966953 0.254378 16.177799 -0.093278 -0.254851 0.962471 0.000000 0.000000 0.000000 0.000000 1.000000
0.995505 -0.004884 0.094585 0.000000 -0.019585 0.966469 0.256036 16.177799 -0.092664 -0.256737 0.962029 -0.000000 0.000000 0.000000 0.000000 1.000000
0.995504 -0.002983 0.094676 0.000000 -0.021508 0.966279 0.256599 16.177799 -0.092249 -0.257481 0.961870 -0.000000 0.000000 0.000000 0.000000 1.000000
0.995524 -0.000679 0.094502 -0.000000 -0.023661 0.966334 0.256199 16.177799 -0.091494 -0.257289 0.961993 0.000000 0.000000 0.000000 0.000000 1.000000</float_array><technique_common><accessor source="#mixamorig_Neck-Matrix-animation-output-transform-array" count="36" stride="16"><param type="float4x4"/></accessor></technique_common></source><source id="mixamorig_Neck-Interpolations"><Name_array id="mixamorig_Neck-Interpolations-array" count="36">
 LINEAR LINEAR LINEAR LINEAR LINEAR LINEAR LINEAR LINEAR LINEAR LINEAR LINEAR
LINEAR LINEAR LINEAR LINEAR LINEAR LINEAR LINEAR LINEAR LINEAR LINEAR LINEAR LINEAR
LINEAR LINEAR LINEAR LINEAR LINEAR LINEAR LINEAR LINEAR LINEAR LINEAR LINEAR LINEAR
LINEAR</Name_array><technique_common><accessor source="#mixamorig_Neck-Interpolations-array" count="36"><param type="name"/></accessor></technique_common></source><sampler id="mixamorig_Neck-Matrix-animation-transform"><input semantic="INPUT" source="#mixamorig_Neck-Matrix-animation-input"/><input semantic="OUTPUT" source="#mixamorig_Neck-Matrix-animation-output-transform"/><input semantic="INTERPOLATION" source="#mixamorig_Neck-Interpolations"/></sampler><channel source="#mixamorig_Neck-Matrix-animation-transform" target="mixamorig_Neck/matrix"/></animation>
    <animation id="mixamorig_Head-anim" name="mixamorig_Head"><source id="mixamorig_Head-Matrix-animation-input"><float_array id="mixamorig_Head-Matrix-animation-input-array" count="36">

0.000000 0.033333 0.066667 0.100000 0.133333 0.166667 0.200000 0.233333 0.266667 0.300000 0.333333 0.366667 0.400000 0.433333 0.466667 0.500000
0.533333 0.566667 0.600000 0.633333 0.666667 0.700000 0.733333 0.766667 0.800000 0.833333 0.866667 0.900000 0.933333 0.966667 1.000000 1.033333
1.066667 1.100000 1.133333 1.166667</float_array><technique_common><accessor source="#mixamorig_Head-Matrix-animation-input-array" count="36"><param name="TIME" type="float"/></accessor></technique_common></source><source id="mixamorig_Head-Matrix-animation-output-transform"><float_array id="mixamorig_Head-Matrix-animation-output-transform-array" count="576">

0.999494 0.022477 -0.022526 0.000000 -0.017044 0.975910 0.217508 6.762300 0.026873 -0.217014 0.975799 3.044900 0.000000 0.000000 0.000000 1.000000
0.999499 0.022192 -0.022567 0.000000 -0.016755 0.975899 0.217578 6.762300 0.026852 -0.217091 0.975782 3.044900 0.000000 0.000000 0.000000 1.000000
0.999517 0.021683 -0.022242 -0.000000 -0.016323 0.975857 0.217801 6.762300 0.026428 -0.217332 0.975740 3.044900 0.000000 0.000000 0.000000 1.000000
0.999538 0.021360 -0.021619 0.000000 -0.016141 0.975835 0.217911 6.762300 0.025751 -0.217461 0.975729 3.044900 0.000000 0.000000 0.000000 1.000000
0.999547 0.021512 -0.021031 0.000000 -0.016405 0.975733 0.218348 6.762300 0.025217 -0.217904 0.975644 3.044900 0.000000 0.000000 0.000000 1.000000
0.999553 0.021704 -0.020538 0.000000 -0.016644 0.975232 0.220559 6.762300 0.024817 -0.220119 0.975157 3.044900 0.000000 0.000000 0.000000 1.000000
0.999566 0.022120 -0.019446 -0.000000 -0.017196 0.974346 0.224395 6.762300 0.023911 -0.223964 0.974304 3.044900 0.000000 0.000000 0.000000 1.000000
0.999505 0.026659 -0.016718 0.000000 -0.022252 0.974445 0.223520 6.762300 0.022250 -0.223038 0.974556 3.044900 0.000000 0.000000 0.000000 1.000000
0.999003 0.042907 -0.012325 0.000000 -0.039440 0.977631 0.206595 6.762300 0.020914 -0.205903 0.978349 3.044900 0.000000 0.000000 0.000000 1.000000
0.997335 0.072403 -0.008977 -0.000000 -0.069834 0.983004 0.169782 6.762300 0.021118 -0.168703 0.985441 3.044900 0.000000 0.000000 0.000000 1.000000
0.994746 0.101973 -0.009033 -0.000000 -0.099970 0.986619 0.128801 6.762300 0.022046 -0.127221 0.991629 3.044900 0.000000 0.000000 0.000000 1.000000
0.993220 0.115947 -0.008381 -0.000000 -0.114380 0.987582 0.107698 6.762300 0.020764 -0.106009 0.994148 3.044900 0.000000 0.000000 0.000000 1.000000
0.993641 0.112564 -0.002664 -0.000000 -0.111538 0.987267 0.113414 6.762300 0.015396 -0.112395 0.993544 3.044900 0.000000 0.000000 0.000000 1.000000
0.994967 0.100101 0.004612 0.000000 -0.099800 0.985725 0.135595 6.762300 0.009027 -0.135373 0.990754 3.044900 0.000000 0.000000 0.000000 1.000000
