<?xml version="1.0" encoding="utf-8"?>
<COLLADA xmlns="http://www.collada.org/2005/11/COLLADASchema" version="1.4.1">
  <asset><contributor><author>Mixamo</author><authoring_tool>COLLADA Mixamo exporter</authoring_tool><comments></comments></contributor><created>2020-05-23T15:43:47Z</created><modified>2020-05-23T15:43:47Z</modified><revision></revision><title></title><unit meter="0.010000"/><up_axis>Y_UP</up_axis></asset>
  <library_animations>
    <animation id="Hips-anim" name="Hips"><source id="Hips-Matrix-animation-input"><float_array id="Hips-Matrix-animation-input-array" count="43">

0.000000 0.033333 0.066667 0.100000 0.133333 0.166667 0.200000 0.233333 0.266667 0.300000 0.333333 0.366667 0.400000 0.433333 0.466667 0.500000
0.533333 0.566667 0.600000 0.633333 0.666667 0.700000 0.733333 0.766667 0.800000 0.833333 0.866667 0.900000 0.933333 0.966667 1.000000 1.033333
1.066667 1.100000 1.133333 1.166667 1.200000 1.233333 1.266667 1.300000 1.333333 1.366667 1.400000</float_array><technique_common><accessor source="#Hips-Matrix-animation-input-array" count="43"><param name="TIME" type="float"/></accessor></technique_common></source><source id="Hips-Matrix-animation-output-transform"><float_array id="Hips-Matrix-animation-output-transform-array" count="688">

0.989825 -0.093048 0.107647 2.495157 0.105631 0.987404 -0.117791 108.174210 -0.095331 0.127964 0.987187 -2.300723 0.000000 0.000000 0.000000 1.000000
0.989783 -0.102271 0.099350 2.144208 0.111905 0.988993 -0.096795 108.479141 -0.088357 0.106924 0.990333 -2.833846 0.000000 0.000000 0.000000 1.000000
0.990434 -0.105305 0.089174 1.912324 0.113028 0.989819 -0.086504 108.312721 -0.079157 0.095756 0.992252 -3.371613 0.000000 0.000000 0.000000 1.000000
0.991839 -0.103801 0.074037 1.804417 0.110151 0.990049 -0.087578 107.792412 -0.064210 0.095019 0.993402 -3.902726 0.000000 0.000000 0.000000 1.000000
0.993550 -0.100125 0.053239 1.795096 0.104845 0.989954 -0.094862 107.039551 -0.043206 0.099832 0.994066 -4.416567 0.000000 0.000000 0.000000 1.000000
0.994954 -0.095945 0.029332 1.840415 0.098477 0.989833 -0.102627 106.082008 -0.019188 0.104998 0.994287 -4.871418 0.000000 0.000000 0.000000 1.000000
0.995807 -0.091344 0.004904 1.925754 0.091336 0.989890 -0.108513 104.841087 0.005057 0.108506 0.994083 -5.191770 0.000000 0.000000 0.000000 1.000000
0.996175 -0.084940 -0.020531 2.094930 0.082086 0.990140 -0.113507 103.289230 0.029970 0.111388 0.993325 -5.303426 0.000000 0.000000 0.000000 1.000000
0.995727 -0.077041 -0.050907 2.397446 0.070427 0.990158 -0.120939 101.494347 0.059723 0.116837 0.991354 -5.186281 0.000000 0.000000 0.000000 1.000000
0.993471 -0.071194 -0.089145 2.828935 0.058680 0.988987 -0.135875 99.650398 0.097837 0.129756 0.986707 -4.818236 0.000000 0.000000 0.000000 1.000000
0.988442 -0.071420 -0.133723 3.322650 0.049316 0.985581 -0.161857 97.729088 0.143355 0.153392 0.977712 -4.123108 0.000000 0.000000 0.000000 1.000000
0.981367 -0.079845 -0.174769 3.749876 0.045083 0.979864 -0.194510 95.928841 0.186780 0.183006 0.965206 -3.223667 0.000000 0.000000 0.000000 1.000000
0.975507 -0.091204 -0.200169 4.119402 0.045832 0.974296 -0.220561 94.277771 0.215139 0.205984 0.954613 -2.216116 0.000000 0.000000 0.000000 1.000000
0.973625 -0.099838 -0.205149 4.490180 0.051682 0.972311 -0.227902 93.084991 0.222222 0.211289 0.951827 -1.332815 0.000000 0.000000 0.000000 1.000000
0.975072 -0.102554 -0.196767 4.928773 0.058630 0.974346 -0.217286 92.737053 0.214003 0.200333 0.956070 -0.617742 0.000000 0.000000 0.000000 1.000000
0.977379 -0.100998 -0.185820 5.353541 0.062726 0.977504 -0.201373 93.384430 0.201979 0.185162 0.961727 -0.184898 0.000000 0.000000 0.000000 1.000000
0.979732 -0.095388 -0.176140 5.685283 0.060926 0.979579 -0.191605 94.957153 0.190820 0.176990 0.965537 0.028860 0.000000 0.000000 0.000000 1.000000
0.982869 -0.083669 -0.164220 6.092886 0.052132 0.980839 -0.187718 97.212173 0.176779 0.175941 0.968398 0.160731 0.000000 0.000000 0.000000 1.000000
0.986878 -0.063912 -0.148283 6.604068 0.036344 0.982689 -0.181665 99.801956 0.157326 0.173892 0.972116 0.342473 0.000000 0.000000 0.000000 1.000000
0.990492 -0.036172 -0.132727 7.212227 0.013377 0.985564 -0.168773 102.353508 0.136916 0.165393 0.976678 0.664010 0.000000 0.000000 0.000000 1.000000
0.992514 -0.004995 -0.122027 7.866476 -0.013799 0.988179 -0.152684 104.605400 0.121347 0.153225 0.980712 1.142227 0.000000 0.000000 0.000000 1.000000
0.993219 0.023050 -0.113948 8.490404 -0.039167 0.989192 -0.141297 106.388809 0.109460 0.144802 0.983388 1.732632 0.000000 0.000000 0.000000 1.000000
0.993894 0.042439 -0.101847 9.006581 -0.055852 0.989582 -0.132692 107.653885 0.095155 0.137570 0.985911 2.308291 0.000000 0.000000 0.000000 1.000000
0.995174 0.052682 -0.082788 9.399034 -0.062993 0.989859 -0.127325 108.329124 0.075241 0.131926 0.988400 2.847306 0.000000 0.000000 0.000000 1.000000
0.996500 0.058163 -0.060047 9.682631 -0.065249 0.990169 -0.123727 108.497627 0.052260 0.127212 0.990498 3.421786 0.000000 0.000000 0.000000 1.000000
0.997473 0.061321 -0.035889 9.890105 -0.065242 0.990524 -0.120855 108.146873 0.028138 0.122891 0.992021 4.060842 0.000000 0.000000 0.000000 1.000000
0.997995 0.062203 -0.011659 10.037193 -0.063148 0.990936 -0.118564 107.117584 0.004178 0.119062 0.992878 4.631595 0.000000 0.000000 0.000000 1.000000
0.998106 0.060493 0.011223 10.136225 -0.058776 0.991425 -0.116716 105.175560 -0.018188 0.115835 0.993102 4.913830 0.000000 0.000000 0.000000 1.000000
0.997992 0.055008 0.031408 10.185010 -0.051047 0.992009 -0.115382 102.290558 -0.037504 0.113547 0.992825 4.825856 0.000000 0.000000 0.000000 1.000000
0.997906 0.046565 0.044888 9.986188 -0.041013 0.992223 -0.117520 99.324699 -0.050011 0.115433 0.992056 4.487490 0.000000 0.000000 0.000000 1.000000
0.997691 0.037756 0.056458 9.672688 -0.030679 0.992135 -0.121357 96.480881 -0.060596 0.119345 0.991002 4.034669 0.000000 0.000000 0.000000 1.000000
0.997357 0.029205 0.066524 9.242768 -0.020549 0.991655 -0.127270 93.948547 -0.069686 0.125567 0.989635 3.550822 0.000000 0.000000 0.000000 1.000000
0.996952 0.023577 0.074370 8.591953 -0.013113 0.990322 -0.138170 92.418083 -0.076907 0.136774 0.987612 2.980907 0.000000 0.000000 0.000000 1.000000
0.996409 0.019209 0.082466 7.842150 -0.006479 0.988368 -0.151941 92.114792 -0.084426 0.150861 0.984943 2.302518 0.000000 0.000000 0.000000 1.000000
0.995782 0.013954 0.090684 7.140441 0.001077 0.986520 -0.163634 92.841316 -0.091746 0.163042 0.982344 1.581871 0.000000 0.000000 0.000000 1.000000
0.995183 0.006869 0.097791 6.481932 0.010004 0.985219 -0.171008 94.469650 -0.097520 0.171163 0.980405 0.908551 0.000000 0.000000 0.000000 1.000000
0.994418 -0.003255 0.105461 5.845550 0.021749 0.984382 -0.174696 96.715744 -0.103245 0.176014 0.978958 0.345339 0.000000 0.000000 0.000000 1.000000
0.993493 -0.016021 0.112763 5.221141 0.035851 0.983719 -0.176101 99.243042 -0.108105 0.178998 0.977892 -0.113885 0.000000 0.000000 0.000000 1.000000
0.992584 -0.031749 0.117344 4.598340 0.052178 0.983120 -0.175361 101.757195 -0.109796 0.180184 0.977486 -0.520631 0.000000 0.000000 0.000000 1.000000
0.991575 -0.047182 0.120639 4.004654 0.067579 0.982946 -0.171026 104.047745 -0.110512 0.177737 0.977853 -0.922530 0.000000 0.000000 0.000000 1.000000
0.990746 -0.062499 0.120480 3.450910 0.081842 0.983231 -0.162967 105.941505 -0.108274 0.171319 0.979248 -1.320131 0.000000 0.000000 0.000000 1.000000
0.990206 -0.078627 0.115372 2.940969 0.094839 0.985238 -0.142521 107.332352 -0.102462 0.152067 0.983045 -1.793924 0.000000 0.000000 0.000000 1.000000
0.989831 -0.093044 0.107600 2.495127 0.105622 0.987404 -0.117802 108.173286 -0.095284 0.127969 0.987190 -2.295573 0.000000 0.000000 0.000000 1.000000</float_array><technique_common><accessor source="#Hips-Matrix-animation-output-transform-array" count="43" stride="16"><param type="float4x4"/></accessor></technique_common></source><source id="Hips-Interpolations"><Name_array id="Hips-Interpolations-array" count="43">
 LINEAR LINEAR LINEAR LINEAR LINEAR LINEAR LINEAR LINEAR LINEAR LINEAR LINEAR
LINEAR LINEAR LINEAR LINEAR LINEAR LINEAR LINEAR LINEAR LINEAR LINEAR LINEAR LINEAR
LINEAR LINEAR LINEAR LINEAR LINEAR LINEAR LINEAR LINEAR LINEAR LINEAR LINEAR LINEAR
LINEAR LINEAR LINEAR LINEAR LINEAR LINEAR LINEAR LINEAR</Name_array><technique_common><accessor source="#Hips-Interpolations-array" count="43"><param type="name"/></accessor></technique_common></source><sampler id="Hips-Matrix-animation-transform"><input semantic="INPUT" source="#Hips-Matrix-animation-input"/><input semantic="OUTPUT" source="#Hips-Matrix-animation-output-transform"/><input semantic="INTERPOLATION" source="#Hips-Interpolations"/></sampler><channel source="#Hips-Matrix-animation-transform" target="Hips/matrix"/></animation>
    <animation id="Spine-anim" name="Spine"><source id="Spine-Matrix-animation-input"><float_array id="Spine-Matrix-animation-input-array" count="43">

0.000000 0.033333 0.066667 0.100000 0.133333 0.166667 0.200000 0.233333 0.266667 0.300000 0.333333 0.366667 0.400000 0.433333 0.466667 0.500000
0.533333 0.566667 0.600000 0.633333 0.666667 0.700000 0.733333 0.766667 0.800000 0.833333 0.866667 0.900000 0.933333 0.966667 1.000000 1.033333
1.066667 1.100000 1.133333 1.166667 1.200000 1.233333 1.266667 1.300000 1.333333 1.366667 1.400000</float_array><technique_common><accessor source="#Spine-Matrix-animation-input-array" count="43"><param name="TIME" type="float"/></accessor></technique_common></source><source id="Spine-Matrix-animation-output-transform"><float_array id="Spine-Matrix-animation-output-transform-array" count="688">

0.999735 0.005641 0.022325 0.030900 -0.003477 0.995392 -0.095831 11.006600 -0.022763 0.095728 0.995147 0.107900 0.000000 0.000000 0.000000 1.000000
0.999428 0.011400 0.031827 0.030900 -0.008176 0.994989 -0.099650 11.006600 -0.032804 0.099333 0.994513 0.107900 0.000000 0.000000 0.000000 1.000000
0.999102 0.014728 0.039717 0.030900 -0.010575 0.994643 -0.102823 11.006600 -0.041019 0.102311 0.993906 0.107900 0.000000 0.000000 0.000000 1.000000
0.998773 0.016525 0.046690 0.030900 -0.011574 0.994469 -0.104395 11.006600 -0.048157 0.103727 0.993439 0.107900 0.000000 0.000000 0.000000 1.000000
0.998424 0.018208 0.053084 0.030900 -0.012563 0.994413 -0.104808 11.006600 -0.054696 0.103976 0.993075 0.107900 0.000000 0.000000 0.000000 1.000000
0.998063 0.020354 0.058784 0.030900 -0.014105 0.994389 -0.104837 11.006600 -0.060588 0.103805 0.992751 0.107900 0.000000 0.000000 0.000000 1.000000
0.997710 0.021982 0.063969 0.030900 -0.015187 0.994373 -0.104843 11.006600 -0.065914 0.103631 0.992429 0.107900 0.000000 0.000000 0.000000 1.000000
0.997377 0.021597 0.069089 0.030900 -0.014260 0.994373 -0.104972 11.006600 -0.070967 0.103712 0.992072 0.107900 0.000000 0.000000 0.000000 1.000000
0.997021 0.020587 0.074330 0.030900 -0.012661 0.994331 -0.105573 11.006600 -0.076082 0.104317 0.991630 0.107900 0.000000 0.000000 0.000000 1.000000
0.996662 0.022808 0.078390 0.030900 -0.014351 0.994176 -0.106808 11.006600 -0.080369 0.105326 0.991185 0.107900 0.000000 0.000000 0.000000 1.000000
0.996261 0.029826 0.081081 0.030900 -0.020979 0.993945 -0.107854 11.006600 -0.083806 0.105750 0.990855 0.107900 0.000000 0.000000 0.000000 1.000000
0.995855 0.039422 0.081964 0.030900 -0.030473 0.993716 -0.107699 11.006600 -0.085694 0.104755 0.990799 0.107900 0.000000 0.000000 0.000000 1.000000
0.995706 0.045035 0.080873 0.030900 -0.036287 0.993643 -0.106564 11.006600 -0.085158 0.103172 0.991011 0.107900 0.000000 0.000000 0.000000 1.000000
0.996037 0.045186 0.076612 0.030900 -0.036910 0.993661 -0.106184 11.006600 -0.080924 0.102935 0.991391 0.107900 0.000000 0.000000 0.000000 1.000000
0.996743 0.042075 0.068796 0.030900 -0.034547 0.993640 -0.107175 11.006600 -0.072868 0.104449 0.991857 0.107900 0.000000 0.000000 0.000000 1.000000
0.997541 0.039177 0.058106 0.030900 -0.032740 0.993627 -0.107855 11.006600 -0.061961 0.105688 0.992467 0.107900 0.000000 0.000000 0.000000 1.000000
0.998311 0.035895 0.045691 0.030900 -0.030856 0.993827 -0.106567 11.006600 -0.049234 0.104977 0.993255 0.107900 0.000000 0.000000 0.000000 1.000000
0.999021 0.030552 0.031991 0.030900 -0.027080 0.994223 -0.103866 11.006600 -0.034980 0.102898 0.994077 0.107900 0.000000 0.000000 0.000000 1.000000
0.999570 0.023543 0.017485 0.030900 -0.021654 0.994618 -0.101324 11.006600 -0.019776 0.100902 0.994700 0.107900 0.000000 0.000000 0.000000 1.000000
0.999861 0.016358 0.003249 0.030900 -0.015955 0.994928 -0.099313 11.006600 -0.004857 0.099248 0.995051 0.107900 0.000000 0.000000 0.000000 1.000000
0.999889 0.010919 -0.010132 0.030900 -0.011851 0.995206 -0.097082 11.006600 0.009023 0.097191 0.995225 0.107900 0.000000 0.000000 0.000000 1.000000
0.999716 0.007037 -0.022790 0.030900 -0.009153 0.995521 -0.094098 11.006600 0.022026 0.094280 0.995302 0.107900 0.000000 0.000000 0.000000 1.000000
0.999380 0.003701 -0.035014 0.030900 -0.006868 0.995848 -0.090771 11.006600 0.034533 0.090955 0.995256 0.107900 0.000000 0.000000 0.000000 1.000000
0.998932 -0.001015 -0.046197 0.030900 -0.003199 0.995841 -0.091056 11.006600 0.046097 0.091107 0.994774 0.107900 0.000000 0.000000 0.000000 1.000000
0.998437 -0.006662 -0.055486 0.030900 0.001491 0.995691 -0.092717 11.006600 0.055865 0.092489 0.994145 0.107900 0.000000 0.000000 0.000000 1.000000
0.998037 -0.014400 -0.060953 0.030900 0.008539 0.995408 -0.095337 11.006600 0.062046 0.094629 0.993577 0.107900 0.000000 0.000000 0.000000 1.000000
0.997748 -0.023040 -0.062994 0.030900 0.016757 0.994996 -0.098504 11.006600 0.064949 0.097227 0.993141 0.107900 0.000000 0.000000 0.000000 1.000000
0.997481 -0.031267 -0.063671 0.030900 0.024679 0.994503 -0.101760 11.006600 0.066503 0.099933 0.992769 0.107900 0.000000 0.000000 0.000000 1.000000
0.997255 -0.037705 -0.063732 0.030900 0.030894 0.994028 -0.104664 11.006600 0.067297 0.102407 0.992464 0.107900 0.000000 0.000000 0.000000 1.000000
0.997148 -0.040304 -0.063800 0.030900 0.033362 0.993767 -0.106364 11.006600 0.067689 0.103932 0.992278 0.107900 0.000000 0.000000 0.000000 1.000000
0.997083 -0.041554 -0.064016 0.030900 0.034486 0.993573 -0.107814 11.006600 0.068084 0.105292 0.992108 0.107900 0.000000 0.000000 0.000000 1.000000
0.997067 -0.041788 -0.064123 0.030900 0.034608 0.993411 -0.109258 11.006600 0.068266 0.106718 0.991943 0.107900 0.000000 0.000000 0.000000 1.000000
0.997138 -0.041387 -0.063262 0.030900 0.034184 0.993235 -0.110980 11.006600 0.067428 0.108500 0.991807 0.107900 0.000000 0.000000 0.000000 1.000000
0.997304 -0.040756 -0.061027 0.030900 0.033666 0.993024 -0.113007 11.006600 0.065207 0.110648 0.991718 0.107900 0.000000 0.000000 0.000000 1.000000
0.997612 -0.039948 -0.056348 0.030900 0.033272 0.992831 -0.114802 11.006600 0.060530 0.112653 0.991789 0.107900 0.000000 0.000000 0.000000 1.000000
0.998109 -0.038438 -0.047976 0.030900 0.032656 0.992716 -0.115969 11.006600 0.052085 0.114183 0.992093 0.107900 0.000000 0.000000 0.000000 1.000000
0.998640 -0.035876 -0.037823 0.030900 0.031285 0.992795 -0.115667 11.006600 0.041700 0.114326 0.992568 0.107900 0.000000 0.000000 0.000000 1.000000
0.999100 -0.031915 -0.027930 0.030900 0.028548 0.993118 -0.113582 11.006600 0.031363 0.112682 0.993136 0.107900 0.000000 0.000000 0.000000 1.000000
0.999470 -0.026363 -0.019099 0.030900 0.024138 0.993789 -0.108629 11.006600 0.021844 0.108111 0.993899 0.107900 0.000000 0.000000 0.000000 1.000000
0.999801 -0.017067 -0.010284 0.030900 0.015934 0.994697 -0.101607 11.006600 0.011964 0.101423 0.994772 0.107900 0.000000 0.000000 0.000000 1.000000
0.999955 -0.009452 -0.000107 0.030900 0.009398 0.995362 -0.095744 11.006600 0.001011 0.095738 0.995406 0.107900 0.000000 0.000000 0.000000 1.000000
0.999935 -0.001833 0.011279 0.030900 0.002883 0.995588 -0.093789 11.006600 -0.011058 0.093815 0.995528 0.107900 0.000000 0.000000 0.000000 1.000000
0.999734 0.005631 0.022371 0.030900 -0.003462 0.995391 -0.095841 11.006600 -0.022807 0.095738 0.995145 0.107900 0.000000 0.000000 0.000000 1.000000</float_array><technique_common><accessor source="#Spine-Matrix-animation-output-transform-array" count="43" stride="16"><param type="float4x4"/></accessor></technique_common></source><source id="Spine-Interpolations"><Name_array id="Spine-Interpolations-array" count="43">
 LINEAR LINEAR LINEAR LINEAR LINEAR LINEAR LINEAR LINEAR LINEAR LINEAR LINEAR
LINEAR LINEAR LINEAR LINEAR LINEAR LINEAR LINEAR LINEAR LINEAR LINEAR LINEAR LINEAR
LINEAR LINEAR LINEAR LINEAR LINEAR LINEAR LINEAR LINEAR LINEAR LINEAR LINEAR LINEAR
LINEAR LINEAR LINEAR LINEAR LINEAR LINEAR LINEAR LINEAR</Name_array><technique_common><accessor source="#Spine-Interpolations-array" count="43"><param type="name"/></accessor></technique_common></source><sampler id="Spine-Matrix-animation-transform"><input semantic="INPUT" source="#Spine-Matrix-animation-input"/><input semantic="OUTPUT" source="#Spine-Matrix-animation-output-transform"/><input semantic="INTERPOLATION" source="#Spine-Interpolations"/></sampler><channel source="#Spine-Matrix-animation-transform" target="Spine/matrix"/></animation>
    <animation id="Spine1-anim" name="Spine1"><source id="Spine1-Matrix-animation-input"><float_array id="Spine1-Matrix-animation-input-array" count="43">

0.000000 0.033333 0.066667 0.100000 0.133333 0.166667 0.200000 0.233333 0.266667 0.300000 0.333333 0.366667 0.400000 0.433333 0.466667 0.500000
0.533333 0.566667 0.600000 0.633333 0.666667 0.700000 0.733333 0.766667 0.800000 0.833333 0.866667 0.900000 0.933333 0.966667 1.000000 1.033333
1.066667 1.100000 1.133333 1.166667 1.200000 1.233333 1.266667 1.300000 1.333333 1.366667 1.400000</float_array><technique_common><accessor source="#Spine1-Matrix-animation-input-array" count="43"><param name="TIME" type="float"/></accessor></technique_common></source><source id="Spine1-Matrix-animation-output-transform"><float_array id="Spine1-Matrix-animation-output-transform-array" count="688">

0.998504 0.037618 0.039688 0.037200 -0.029556 0.981895 -0.187106 11.271000 -0.046008 0.185653 0.981538 0.102300 0.000000 0.000000 0.000000 1.000000
0.996908 0.051249 0.059570 0.037200 -0.038684 0.979908 -0.195663 11.271000 -0.068401 0.192754 0.978860 0.102300 0.000000 0.000000 0.000000 1.000000
0.995315 0.060592 0.075340 0.037200 -0.044178 0.978171 -0.203053 11.271000 -0.085999 0.198773 0.976265 0.102300 0.000000 0.000000 0.000000 1.000000
0.993847 0.066199 0.088804 0.037200 -0.046561 0.977161 -0.207337 11.271000 -0.100501 0.201927 0.974231 0.102300 0.000000 0.000000 0.000000 1.000000
0.992446 0.069505 0.101091 0.037200 -0.047086 0.976720 -0.209288 11.271000 -0.113285 0.202947 0.972615 0.102300 0.000000 0.000000 0.000000 1.000000
0.991146 0.071786 0.111695 0.037200 -0.046998 0.976460 -0.210517 11.271000 -0.124178 0.203404 0.971188 0.102300 0.000000 0.000000 0.000000 1.000000
0.990046 0.074083 0.119672 0.037200 -0.047378 0.976061 -0.212273 11.271000 -0.132532 0.204491 0.969855 0.102300 0.000000 0.000000 0.000000 1.000000
0.989110 0.077156 0.125333 0.037200 -0.048800 0.975328 -0.215297 11.271000 -0.138852 0.206836 0.968472 0.102300 0.000000 0.000000 0.000000 1.000000
0.988095 0.081486 0.130493 0.037200 -0.051368 0.974276 -0.219425 11.271000 -0.145016 0.210109 0.966863 0.102300 0.000000 0.000000 0.000000 1.000000
0.986728 0.087814 0.136586 0.037200 -0.055747 0.973228 -0.222978 11.271000 -0.152510 0.212404 0.965207 0.102300 0.000000 0.000000 0.000000 1.000000
0.985030 0.097228 0.142347 0.037200 -0.063666 0.972569 -0.223732 11.271000 -0.160195 0.211320 0.964200 0.102300 0.000000 0.000000 0.000000 1.000000
0.983483 0.109475 0.144138 0.037200 -0.075739 0.972189 -0.221612 11.271000 -0.164390 0.207035 0.964423 0.102300 0.000000 0.000000 0.000000 1.000000
0.982756 0.121464 0.139414 0.037200 -0.088939 0.971549 -0.219506 11.271000 -0.162110 0.203321 0.965599 0.102300 0.000000 0.000000 0.000000 1.000000
0.983211 0.128669 0.129386 0.037200 -0.098033 0.970519 -0.220185 11.271000 -0.153903 0.203804 0.966839 0.102300 0.000000 0.000000 0.000000 1.000000
0.984766 0.128347 0.117312 0.037200 -0.099878 0.969783 -0.222587 11.271000 -0.142336 0.207480 0.967829 0.102300 0.000000 0.000000 0.000000 1.000000
0.987183 0.120782 0.104312 0.037200 -0.095206 0.970279 -0.222476 11.271000 -0.128083 0.209693 0.969342 0.102300 0.000000 0.000000 0.000000 1.000000
0.990252 0.107496 0.088573 0.037200 -0.086092 0.972263 -0.217467 11.271000 -0.109493 0.207722 0.972041 0.102300 0.000000 0.000000 0.000000 1.000000
0.993714 0.089173 0.067685 0.037200 -0.073234 0.975074 -0.209444 11.271000 -0.084674 0.203171 0.975475 0.102300 0.000000 0.000000 0.000000 1.000000
0.996946 0.066117 0.041567 0.037200 -0.056438 0.977814 -0.201730 11.271000 -0.053983 0.198768 0.978559 0.102300 0.000000 0.000000 0.000000 1.000000
0.999123 0.039871 0.012807 0.037200 -0.036525 0.979273 -0.199227 11.271000 -0.020484 0.198584 0.979870 0.102300 0.000000 0.000000 0.000000 1.000000
0.999790 0.013304 -0.015588 0.037200 -0.016135 0.979983 -0.198428 11.271000 0.012636 0.198638 0.979992 0.102300 0.000000 0.000000 0.000000 1.000000
0.999061 -0.010833 -0.041950 0.037200 0.002280 0.980042 -0.198776 11.271000 0.043266 0.198493 0.979147 0.102300 0.000000 0.000000 0.000000 1.000000
0.997354 -0.031134 -0.065697 0.037200 0.017427 0.979698 -0.199718 11.271000 0.070582 0.198045 0.977648 0.102300 0.000000 0.000000 0.000000 1.000000
0.995162 -0.047525 -0.085987 0.037200 0.029423 0.979213 -0.200689 11.271000 0.093738 0.197188 0.975874 0.102300 0.000000 0.000000 0.000000 1.000000
0.992987 -0.060453 -0.101597 0.037200 0.038967 0.978712 -0.201504 11.271000 0.111615 0.196132 0.974204 0.102300 0.000000 0.000000 0.000000 1.000000
0.991287 -0.069128 -0.112125 0.037200 0.045220 0.978086 -0.203229 11.271000 0.123716 0.196388 0.972690 0.102300 0.000000 0.000000 0.000000 1.000000
0.990086 -0.075446 -0.118483 0.037200 0.049859 0.977345 -0.205697 11.271000 0.131318 0.197751 0.971417 0.102300 0.000000 0.000000 0.000000 1.000000
0.989281 -0.080687 -0.121707 0.037200 0.054000 0.976537 -0.208471 11.271000 0.135672 0.199664 0.970426 0.102300 0.000000 0.000000 0.000000 1.000000
0.988719 -0.084689 -0.123539 0.037200 0.057206 0.975790 -0.211094 11.271000 0.138426 0.201645 0.969628 0.102300 0.000000 0.000000 0.000000 1.000000
0.988526 -0.086411 -0.123891 0.037200 0.058564 0.975302 -0.212968 11.271000 0.139234 0.203269 0.969173 0.102300 0.000000 0.000000 0.000000 1.000000
0.988497 -0.087289 -0.123504 0.037200 0.059236 0.974842 -0.214883 11.271000 0.139154 0.205095 0.968799 0.102300 0.000000 0.000000 0.000000 1.000000
0.988663 -0.087313 -0.122158 0.037200 0.059208 0.974325 -0.217222 11.271000 0.137988 0.207527 0.968448 0.102300 0.000000 0.000000 0.000000 1.000000
0.989303 -0.085312 -0.118327 0.037200 0.057529 0.973587 -0.220950 11.271000 0.134052 0.211779 0.968080 0.102300 0.000000 0.000000 0.000000 1.000000
0.990403 -0.080709 -0.112196 0.037200 0.053740 0.972784 -0.225395 11.271000 0.127334 0.217202 0.967786 0.102300 0.000000 0.000000 0.000000 1.000000
0.991703 -0.074171 -0.104990 0.037200 0.048562 0.972389 -0.228256 11.271000 0.119021 0.221264 0.967924 0.102300 0.000000 0.000000 0.000000 1.000000
0.993334 -0.065795 -0.094651 0.037200 0.042827 0.972977 -0.226894 11.271000 0.107022 0.221328 0.969309 0.102300 0.000000 0.000000 0.000000 1.000000
0.995103 -0.055733 -0.081635 0.037200 0.036115 0.973786 -0.224582 11.271000 0.092011 0.220533 0.971030 0.102300 0.000000 0.000000 0.000000 1.000000
0.996777 -0.044107 -0.067012 0.037200 0.028333 0.975020 -0.220304 11.271000 0.075055 0.217695 0.973127 0.102300 0.000000 0.000000 0.000000 1.000000
0.998218 -0.030990 -0.051003 0.037200 0.019593 0.977414 -0.210425 11.271000 0.056372 0.209051 0.976279 0.102300 0.000000 0.000000 0.000000 1.000000
0.999411 -0.011782 -0.032237 0.037200 0.005214 0.980457 -0.196664 11.271000 0.033924 0.196381 0.979941 0.102300 0.000000 0.000000 0.000000 1.000000
0.999943 0.004778 -0.009521 0.037200 -0.006461 0.982634 -0.185441 11.271000 0.008470 0.185492 0.982609 0.102300 0.000000 0.000000 0.000000 1.000000
0.999650 0.021293 0.015691 0.037200 -0.018080 0.983094 -0.182209 11.271000 -0.019306 0.181861 0.983135 0.102300 0.000000 0.000000 0.000000 1.000000
0.998504 0.037610 0.039688 0.037200 -0.029547 0.981893 -0.187116 11.271000 -0.046007 0.185663 0.981536 0.102300 0.000000 0.000000 0.000000 1.000000</float_array><technique_common><accessor source="#Spine1-Matrix-animation-output-transform-array" count="43" stride="16"><param type="float4x4"/></accessor></technique_common></source><source id="Spine1-Interpolations"><Name_array id="Spine1-Interpolations-array" count="43">
 LINEAR LINEAR LINEAR LINEAR LINEAR LINEAR LINEAR LINEAR LINEAR LINEAR LINEAR
LINEAR LINEAR LINEAR LINEAR LINEAR LINEAR LINEAR LINEAR LINEAR LINEAR LINEAR LINEAR
LINEAR LINEAR LINEAR LINEAR LINEAR LINEAR LINEAR LINEAR LINEAR LINEAR LINEAR LINEAR
LINEAR LINEAR LINEAR LINEAR LINEAR LINEAR LINEAR LINEAR</Name_array><technique_common><accessor source="#Spine1-Interpolations-array" count="43"><param type="name"/></accessor></technique_common></source><sampler id="Spine1-Matrix-animation-transform"><input semantic="INPUT" source="#Spine1-Matrix-animation-input"/><input semantic="OUTPUT" source="#Spine1-Matrix-animation-output-transform"/><input semantic="INTERPOLATION" source="#Spine1-Interpolations"/></sampler><channel source="#Spine1-Matrix-animation-transform" target="Spine1/matrix"/></animation>
    <animation id="Spine2-anim" name="Spine2"><source id="Spine2-Matrix-animation-input"><float_array id="Spine2-Matrix-animation-input-array" count="43">

0.000000 0.033333 0.066667 0.100000 0.133333 0.166667 0.200000 0.233333 0.266667 0.300000 0.333333 0.366667 0.400000 0.433333 0.466667 0.500000
0.533333 0.566667 0.600000 0.633333 0.666667 0.700000 0.733333 0.766667 0.800000 0.833333 0.866667 0.900000 0.933333 0.966667 1.000000 1.033333
1.066667 1.100000 1.133333 1.166667 1.200000 1.233333 1.266667 1.300000 1.333333 1.366667 1.400000</float_array><technique_common><accessor source="#Spine2-Matrix-animation-input-array" count="43"><param name="TIME" type="float"/></accessor></technique_common></source><source id="Spine2-Matrix-animation-output-transform"><float_array id="Spine2-Matrix-animation-output-transform-array" count="688">

0.998506 0.037418 0.039808 0.042500 -0.029336 0.981900 -0.187116 10.833500 -0.046089 0.185669 0.981531 0.116900 0.000000 0.000000 0.000000 1.000000
0.996910 0.050976 0.059759 0.042500 -0.038378 0.979919 -0.195668 10.833500 -0.068533 0.192770 0.978848 0.116900 0.000000 0.000000 0.000000 1.000000
0.995314 0.060300 0.075590 0.042500 -0.043842 0.978189 -0.203036 10.833500 -0.086184 0.198771 0.976249 0.116900 0.000000 0.000000 0.000000 1.000000
0.993840 0.065924 0.089084 0.042500 -0.046238 0.977185 -0.207294 10.833500 -0.100717 0.201898 0.974214 0.116900 0.000000 0.000000 0.000000 1.000000
0.992436 0.069270 0.101352 0.042500 -0.046807 0.976745 -0.209231 10.833500 -0.113488 0.202905 0.972600 0.116900 0.000000 0.000000 0.000000 1.000000
0.991136 0.071630 0.111888 0.042500 -0.046812 0.976480 -0.210464 10.833500 -0.124332 0.203360 0.971178 0.116900 0.000000 0.000000 0.000000 1.000000
0.990031 0.074102 0.119778 0.042500 -0.047383 0.976074 -0.212212 10.833500 -0.132638 0.204421 0.969855 0.116900 0.000000 0.000000 0.000000 1.000000
0.989082 0.077472 0.125358 0.042500 -0.049122 0.975336 -0.215191 10.833500 -0.138938 0.206684 0.968493 0.116900 0.000000 0.000000 0.000000 1.000000
0.988049 0.082121 0.130444 0.042500 -0.052030 0.974278 -0.219259 10.833500 -0.145095 0.209852 0.966907 0.116900 0.000000 0.000000 0.000000 1.000000
0.986676 0.088574 0.136476 0.042500 -0.056548 0.973222 -0.222803 10.833500 -0.152556 0.212116 0.965263 0.116900 0.000000 0.000000 0.000000 1.000000
0.984994 0.097820 0.142192 0.042500 -0.064301 0.972551 -0.223629 10.833500 -0.160164 0.211130 0.964247 0.116900 0.000000 0.000000 0.000000 1.000000
0.983470 0.109805 0.143975 0.042500 -0.076105 0.972168 -0.221580 10.833500 -0.164299 0.206961 0.964455 0.116900 0.000000 0.000000 0.000000 1.000000
0.982739 0.121727 0.139305 0.042500 -0.089234 0.971537 -0.219437 10.833500 -0.162051 0.203218 0.965630 0.116900 0.000000 0.000000 0.000000 1.000000
0.983160 0.129063 0.129382 0.042500 -0.098455 0.970523 -0.219981 10.833500 -0.153960 0.203538 0.966886 0.116900 0.000000 0.000000 0.000000 1.000000
0.984686 0.128839 0.117451 0.042500 -0.100381 0.969805 -0.222266 10.833500 -0.142541 0.207072 0.967886 0.116900 0.000000 0.000000 0.000000 1.000000
0.987100 0.121193 0.104620 0.042500 -0.095589 0.970319 -0.222135 10.833500 -0.128436 0.209269 0.969387 0.116900 0.000000 0.000000 0.000000 1.000000
0.990181 0.107740 0.089066 0.042500 -0.086262 0.972315 -0.217170 10.833500 -0.109998 0.207354 0.972062 0.116900 0.000000 0.000000 0.000000 1.000000
0.993658 0.089290 0.068342 0.042500 -0.073235 0.975124 -0.209212 10.833500 -0.085323 0.202880 0.975479 0.116900 0.000000 0.000000 0.000000 1.000000
0.996911 0.066189 0.042286 0.042500 -0.056372 0.977847 -0.201585 10.833500 -0.054692 0.198579 0.978558 0.116900 0.000000 0.000000 0.000000 1.000000
0.999111 0.039977 0.013409 0.042500 -0.036508 0.979262 -0.199282 10.833500 -0.021097 0.198615 0.979850 0.116900 0.000000 0.000000 0.000000 1.000000
0.999792 0.013486 -0.015268 0.042500 -0.016252 0.979915 -0.198752 10.833500 0.012281 0.198959 0.979931 0.116900 0.000000 0.000000 0.000000 1.000000
0.999063 -0.010581 -0.041969 0.042500 0.002002 0.979920 -0.199379 10.833500 0.043236 0.199109 0.979023 0.116900 0.000000 0.000000 0.000000 1.000000
0.997343 -0.030863 -0.065990 0.042500 0.017042 0.979533 -0.200560 10.833500 0.070830 0.198902 0.977456 0.116900 0.000000 0.000000 0.000000 1.000000
0.995133 -0.047324 -0.086432 0.042500 0.029042 0.979022 -0.201676 10.833500 0.094163 0.198184 0.975631 0.116900 0.000000 0.000000 0.000000 1.000000
0.992942 -0.060404 -0.102068 0.042500 0.038710 0.978515 -0.202510 10.833500 0.112108 0.197129 0.973947 0.116900 0.000000 0.000000 0.000000 1.000000
0.991235 -0.069191 -0.112541 0.042500 0.045084 0.977905 -0.204129 10.833500 0.124179 0.197266 0.972454 0.116900 0.000000 0.000000 0.000000 1.000000
0.990044 -0.075479 -0.118813 0.042500 0.049729 0.977202 -0.206408 10.833500 0.131684 0.198444 0.971226 0.116900 0.000000 0.000000 0.000000 1.000000
0.989253 -0.080632 -0.121971 0.042500 0.053826 0.976444 -0.208949 10.833500 0.135946 0.200139 0.970290 0.116900 0.000000 0.000000 0.000000 1.000000
0.988708 -0.084518 -0.123749 0.042500 0.056958 0.975749 -0.211350 10.833500 0.138611 0.201915 0.969545 0.116900 0.000000 0.000000 0.000000 1.000000
0.988529 -0.086144 -0.124056 0.042500 0.058241 0.975284 -0.213141 10.833500 0.139350 0.203471 0.969114 0.116900 0.000000 0.000000 0.000000 1.000000
0.988515 -0.086927 -0.123620 0.042500 0.058834 0.974835 -0.215024 10.833500 0.139200 0.205281 0.968753 0.116900 0.000000 0.000000 0.000000 1.000000
0.988697 -0.086855 -0.122209 0.042500 0.058723 0.974320 -0.217376 10.833500 0.137950 0.207742 0.968407 0.116900 0.000000 0.000000 0.000000 1.000000
0.989355 -0.084797 -0.118259 0.042500 0.057007 0.973567 -0.221175 10.833500 0.133888 0.212079 0.968037 0.116900 0.000000 0.000000 0.000000 1.000000
0.990469 -0.080180 -0.111996 0.042500 0.053223 0.972740 -0.225709 10.833500 0.127040 0.217597 0.967736 0.116900 0.000000 0.000000 0.000000 1.000000
0.991767 -0.073659 -0.104748 0.042500 0.048070 0.972330 -0.228611 10.833500 0.118689 0.221694 0.967866 0.116900 0.000000 0.000000 0.000000 1.000000
0.993383 -0.065327 -0.094456 0.042500 0.042379 0.972927 -0.227192 10.833500 0.106741 0.221686 0.969258 0.116900 0.000000 0.000000 0.000000 1.000000
0.995135 -0.055321 -0.081523 0.042500 0.035719 0.973758 -0.224767 10.833500 0.091818 0.220762 0.970996 0.116900 0.000000 0.000000 0.000000 1.000000
0.996794 -0.043745 -0.066986 0.042500 0.027978 0.975010 -0.220392 10.833500 0.074953 0.217812 0.973108 0.116900 0.000000 0.000000 0.000000 1.000000
0.998226 -0.030676 -0.051033 0.042500 0.019277 0.977413 -0.210455 10.833500 0.056336 0.209098 0.976271 0.116900 0.000000 0.000000 0.000000 1.000000
0.999413 -0.011571 -0.032250 0.042500 0.005005 0.980457 -0.196671 10.833500 0.033895 0.196394 0.979939 0.116900 0.000000 0.000000 0.000000 1.000000
0.999943 0.004853 -0.009507 0.042500 -0.006532 0.982634 -0.185441 10.833500 0.008442 0.185493 0.982609 0.116900 0.000000 0.000000 0.000000 1.000000
0.999651 0.021218 0.015750 0.042500 -0.017995 0.983094 -0.182213 10.833500 -0.019350 0.181866 0.983133 0.116900 0.000000 0.000000 0.000000 1.000000
0.998507 0.037410 0.039810 0.042500 -0.029327 0.981898 -0.187126 10.833500 -0.046090 0.185679 0.981529 0.116900 0.000000 0.000000 0.000000 1.000000</float_array><technique_common><accessor source="#Spine2-Matrix-animation-output-transform-array" count="43" stride="16"><param type="float4x4"/></accessor></technique_common></source><source id="Spine2-Interpolations"><Name_array id="Spine2-Interpolations-array" count="43">
 LINEAR LINEAR LINEAR LINEAR LINEAR LINEAR LINEAR LINEAR LINEAR LINEAR LINEAR
LINEAR LINEAR LINEAR LINEAR LINEAR LINEAR LINEAR LINEAR LINEAR LINEAR LINEAR LINEAR
LINEAR LINEAR LINEAR LINEAR LINEAR LINEAR LINEAR LINEAR LINEAR LINEAR LINEAR LINEAR
LINEAR LINEAR LINEAR LINEAR LINEAR LINEAR LINEAR LINEAR</Name_array><technique_common><accessor source="#Spine2-Interpolations-array" count="43"><param type="name"/></accessor></technique_common></source><sampler id="Spine2-Matrix-animation-transform"><input semantic="INPUT" source="#Spine2-Matrix-animation-input"/><input semantic="OUTPUT" source="#Spine2-Matrix-animation-output-transform"/><input semantic="INTERPOLATION" source="#Spine2-Interpolations"/></sampler><channel source="#Spine2-Matrix-animation-transform" target="Spine2/matrix"/></animation>
    <animation id="RightShoulder-anim" name="RightShoulder"><source id="RightShoulder-Matrix-animation-input"><float_array id="RightShoulder-Matrix-animation-input-array" count="43">

0.000000 0.033333 0.066667 0.100000 0.133333 0.166667 0.200000 0.233333 0.266667 0.300000 0.333333 0.366667 0.400000 0.433333 0.466667 0.500000
0.533333 0.566667 0.600000 0.633333 0.666667 0.700000 0.733333 0.766667 0.800000 0.833333 0.866667 0.900000 0.933333 0.966667 1.000000 1.033333
1.066667 1.100000 1.133333 1.166667 1.200000 1.233333 1.266667 1.300000 1.333333 1.366667 1.400000</float_array><technique_common><accessor source="#RightShoulder-Matrix-animation-input-array" count="43"><param name="TIME" type="float"/></accessor></technique_common></source><source id="RightShoulder-Matrix-animation-output-transform"><float_array id="RightShoulder-Matrix-animation-output-transform-array" count="688">

0.986672 -0.147720 0.068244 -8.091500 0.149187 0.988665 -0.016895 25.765600 -0.064975 0.026851 0.997526 -8.554100 0.000000 0.000000 0.000000 1.000000
0.987174 -0.141763 0.073418 -8.091500 0.143356 0.989527 -0.016886 25.765600 -0.070256 0.027195 0.997158 -8.554100 0.000000 0.000000 0.000000 1.000000
0.987277 -0.134255 0.085206 -8.091500 0.136182 0.990535 -0.017193 25.765600 -0.082091 0.028578 0.996215 -8.554100 0.000000 0.000000 0.000000 1.000000
0.986952 -0.125275 0.101149 -8.091500 0.127683 0.991658 -0.017672 25.765600 -0.098091 0.030356 0.994714 -8.554100 0.000000 0.000000 0.000000 1.000000
0.985934 -0.116849 0.119500 -8.091500 0.119867 0.992620 -0.018357 25.765600 -0.116473 0.032422 0.992664 -8.554100 0.000000 0.000000 0.000000 1.000000
0.984004 -0.110947 0.139381 -8.091500 0.114720 0.993210 -0.019308 25.765600 -0.136293 0.034989 0.990051 -8.554100 0.000000 0.000000 0.000000 1.000000
0.981227 -0.107946 0.159814 -8.091500 0.112622 0.993427 -0.020471 25.765600 -0.156554 0.038085 0.986935 -8.554100 0.000000 0.000000 0.000000 1.000000
0.977971 -0.106850 0.179320 -8.091500 0.112514 0.993413 -0.021688 25.765600 -0.175821 0.041387 0.983552 -8.554100 0.000000 0.000000 0.000000 1.000000
0.974714 -0.106619 0.196380 -8.091500 0.113246 0.993305 -0.022801 25.765600 -0.192635 0.044464 0.980263 -8.554100 0.000000 0.000000 0.000000 1.000000
0.971725 -0.107282 0.210338 -8.091500 0.114788 0.993105 -0.023773 25.765600 -0.206337 0.047245 0.977340 -8.554100 0.000000 0.000000 0.000000 1.000000
0.968830 -0.109961 0.221983 -8.091500 0.118336 0.992665 -0.024744 25.765600 -0.217634 0.050241 0.974737 -8.554100 0.000000 0.000000 0.000000 1.000000
0.965676 -0.115857 0.232478 -8.091500 0.125222 0.991791 -0.025886 25.765600 -0.227571 0.054109 0.972257 -8.554100 0.000000 0.000000 0.000000 1.000000
0.962408 -0.125111 0.241076 -8.091500 0.135546 0.990400 -0.027130 25.765600 -0.235368 0.058787 0.970127 -8.554100 0.000000 0.000000 0.000000 1.000000
0.959905 -0.136453 0.244875 -8.091500 0.147715 0.988630 -0.028141 25.765600 -0.238251 0.063184 0.969146 -8.554100 0.000000 0.000000 0.000000 1.000000
0.959057 -0.147734 0.241626 -8.091500 0.159227 0.986826 -0.028640 25.765600 -0.234212 0.065941 0.969947 -8.554100 0.000000 0.000000 0.000000 1.000000
0.959967 -0.156962 0.232004 -8.091500 0.168022 0.985369 -0.028579 25.765600 -0.224124 0.066417 0.972295 -8.554100 0.000000 0.000000 0.000000 1.000000
0.962045 -0.163320 0.218622 -8.091500 0.173498 0.984434 -0.028062 25.765600 -0.210636 0.064928 0.975406 -8.554100 0.000000 0.000000 0.000000 1.000000
0.964577 -0.167482 0.203815 -8.091500 0.176600 0.983905 -0.027272 25.765600 -0.195967 0.062300 0.978630 -8.554100 0.000000 0.000000 0.000000 1.000000
0.967020 -0.170757 0.188984 -8.091500 0.178833 0.983525 -0.026411 25.765600 -0.181361 0.059336 0.981625 -8.554100 0.000000 0.000000 0.000000 1.000000
0.969172 -0.173688 0.174753 -8.091500 0.180813 0.983185 -0.025589 25.765600 -0.167370 0.056398 0.984280 -8.554100 0.000000 0.000000 0.000000 1.000000
0.971350 -0.175475 0.160271 -8.091500 0.181666 0.983050 -0.024710 25.765600 -0.153218 0.053118 0.986764 -8.554100 0.000000 0.000000 0.000000 1.000000
0.974138 -0.174949 0.142994 -8.091500 0.180060 0.983375 -0.023513 25.765600 -0.136503 0.048652 0.989444 -8.554100 0.000000 0.000000 0.000000 1.000000
0.977691 -0.171916 0.120686 -8.091500 0.175751 0.984193 -0.021808 25.765600 -0.115029 0.042533 0.992451 -8.554100 0.000000 0.000000 0.000000 1.000000
0.981445 -0.167151 0.093945 -8.091500 0.169694 0.985300 -0.019705 25.765600 -0.089270 0.035282 0.995382 -8.554100 0.000000 0.000000 0.000000 1.000000
0.984652 -0.161442 0.066307 -8.091500 0.162927 0.986481 -0.017593 25.765600 -0.062571 0.028127 0.997644 -8.554100 0.000000 0.000000 0.000000 1.000000
0.986886 -0.155995 0.041491 -8.091500 0.156757 0.987511 -0.015784 25.765600 -0.038511 0.022081 0.999014 -8.554100 0.000000 0.000000 0.000000 1.000000
0.987834 -0.154208 0.020114 -8.091500 0.154506 0.987889 -0.014228 25.765600 -0.017677 0.017163 0.999696 -8.554100 0.000000 0.000000 0.000000 1.000000
0.986999 -0.160726 -0.000739 -8.091500 0.160704 0.986920 -0.012744 25.765600 0.002777 0.012459 0.999919 -8.554100 0.000000 0.000000 0.000000 1.000000
0.984003 -0.176534 -0.023961 -8.091500 0.176300 0.984269 -0.011554 25.765600 0.025624 0.007145 0.999646 -8.554100 0.000000 0.000000 0.000000 1.000000
0.981255 -0.189346 -0.035864 -8.091500 0.189042 0.981899 -0.011720 25.765600 0.037434 0.004720 0.999288 -8.554100 0.000000 0.000000 0.000000 1.000000
0.979025 -0.199485 -0.041429 -8.091500 0.199138 0.979893 -0.012399 25.765600 0.043069 0.003889 0.999065 -8.554100 0.000000 0.000000 0.000000 1.000000
0.977703 -0.206296 -0.039221 -8.091500 0.205923 0.978477 -0.013361 25.765600 0.041133 0.004987 0.999141 -8.554100 0.000000 0.000000 0.000000 1.000000
0.978693 -0.204577 -0.017553 -8.091500 0.204332 0.978790 -0.014775 25.765600 0.020203 0.010874 0.999737 -8.554100 0.000000 0.000000 0.000000 1.000000
0.979998 -0.198501 0.014159 -8.091500 0.198723 0.979917 -0.016467 25.765600 -0.010606 0.018952 0.999764 -8.554100 0.000000 0.000000 0.000000 1.000000
0.980415 -0.192771 0.040315 -8.091500 0.193602 0.980919 -0.017800 25.765600 -0.036115 0.025256 0.999028 -8.554100 0.000000 0.000000 0.000000 1.000000
0.980493 -0.187390 0.059317 -8.091500 0.188778 0.981842 -0.018693 25.765600 -0.054737 0.029526 0.998064 -8.554100 0.000000 0.000000 0.000000 1.000000
